0 0.9412239583333334 0.36066666666666664 0.045598958333333425 0.07535185185185185
0 0.7464739583333333 0.3846111111111111 0.0471927083333334 0.11763888888888885
0 0.90946875 0.4679166666666667 0.07891666666666666 0.12207407407407406
1 0.7474114583333333 0.5477685185185186 0.09844791666666666 0.1740462962962963
0 0.6492864583333334 0.36186111111111113 0.03529687499999999 0.06852777777777777
0 0.5855729166666667 0.40132407407407406 0.05951041666666678 0.09344444444444441
0 0.7897968750000001 0.4318611111111111 0.05984895833333326 0.09717592592592592
0 0.8380677083333333 0.3386388888888889 0.040963541666666714 0.08983333333333332
0 0.8679583333333334 0.38004629629629627 0.03653124999999993 0.10424074074074077
0 0.7656770833333333 0.31218518518518523 0.029593750000000085 0.038574074074074045
0 0.7062552083333333 0.43648148148148147 0.05557291666666657 0.12089814814814809
0 0.5801875 0.34101851851851855 0.04519791666666677 0.04000000000000004
0 0.13411458333333334 0.574212962962963 0.075203125 0.1275462962962963
0 0.22986979166666668 0.6042314814814815 0.09908333333333334 0.17005555555555563
0 0.496765625 0.4440092592592592 0.048812500000000016 0.0992592592592593
0 0.324453125 0.48692592592592593 0.050234375000000026 0.10899074074074078
1 0.5244166666666666 0.3768240740740741 0.05526562499999995 0.04939814814814817
1 0.8188541666666667 0.38672222222222224 0.04668749999999993 0.08700000000000004
0 0.434640625 0.42312037037037037 0.04287499999999997 0.08274074074074075
0 0.37919791666666663 0.5006851851851852 0.0645572916666667 0.11299999999999996
0 0.6515885416666667 0.30521296296296296 0.03464062500000011 0.04746296296296296
0 0.599328125 0.5330185185185184 0.09997395833333324 0.15133333333333338