0 0.4504375 0.4277314814814815 0.04434375000000005 0.07883333333333332
0 0.22482291666666668 0.6043240740740741 0.08770833333333332 0.14902777777777781
0 0.94040625 0.37701851851851853 0.04466666666666678 0.0988796296296296
0 0.7646510416666668 0.3235648148148148 0.03044270833333324 0.06673148148148153
1 0.378453125 0.4981851851851852 0.06600520833333334 0.09533333333333337
0 0.7505052083333333 0.3518148148148148 0.05486458333333341 0.060518518518518534
0 0.89215625 0.3470185185185185 0.04161458333333338 0.045490740740740734
0 0.59765625 0.5325555555555556 0.0923437500000001 0.14648148148148152
0 0.32058333333333333 0.49058333333333337 0.06093229166666667 0.09037962962962959
1 0.8017760416666667 0.37689814814814815 0.048729166666666636 0.055175925925925955
0 0.8648229166666667 0.3775648148148148 0.03863541666666658 0.07879629629629632
0 0.8023125 0.43897222222222215 0.06780208333333325 0.09420370370370366
0 0.160765625 0.5794259259259259 0.06109374999999999 0.12435185185185181
0 0.650390625 0.31500925925925927 0.03372395833333333 0.03724074074074077
0 0.8271510416666668 0.3433148148148148 0.04193229166666678 0.07926851851851853
1 0.9106458333333334 0.4704907407407407 0.07989583333333337 0.12478703703703702
0 0.7192395833333334 0.4192407407407407 0.05603124999999996 0.09596296296296294
0 0.7548854166666668 0.5473055555555556 0.08990624999999994 0.17524074074074072
1 0.5004895833333334 0.4420555555555556 0.04031250000000005 0.09320370370370368
0 0.5824635416666666 0.4033796296296296 0.06401041666666671 0.09253703703703708
1 0.5288072916666666 0.39323148148148146 0.04177604166666669 0.0804537037037037
0 0.6501770833333332 0.3651944444444445 0.04501562499999991 0.06971296296296293
0 0.5781614583333333 0.3400462962962963 0.03016145833333326 0.036879629629629665
0 0.541 0.49387037037037035 0.045015624999999976 0.1436666666666667