0 0.1588125 0.5772592592592594 0.06335416666666666 0.13097222222222227
0 0.7915052083333334 0.4461851851851852 0.07287500000000004 0.14181481481481484
1 0.5966822916666668 0.5321203703703704 0.09008854166666656 0.13801851851851846
0 0.9296458333333334 0.37825925925925924 0.04926562500000008 0.09549074074074074
1 0.8159166666666666 0.38758333333333334 0.04360937500000001 0.10037037037037035
1 0.5004166666666666 0.4518240740740741 0.04292708333333337 0.10780555555555561
0 0.7026354166666666 0.3274722222222222 0.037109375 0.0588148148148148
0 0.239015625 0.6231574074074074 0.09136979166666664 0.17838888888888896
0 0.5795885416666666 0.3434259259259259 0.043276041666666744 0.04650000000000003
0 0.8742083333333334 0.3735 0.05152083333333337 0.076537037037037
0 0.7626979166666668 0.5342870370370371 0.10284375000000003 0.1740462962962963
0 0.7202135416666666 0.4431388888888889 0.061765625000000074 0.1523425925925926
0 0.3254375 0.5004351851851853 0.058901041666666626 0.10682407407407403
0 0.634765625 0.36437037037037034 0.04177604166666669 0.07551851851851847
0 0.3868854166666667 0.5024629629629629 0.05234375 0.11844444444444446
0 0.6547864583333334 0.32422222222222224 0.02975520833333339 0.0625
0 0.7578125 0.3261759259259259 0.04434374999999993 0.06737962962962961
0 0.4370104166666666 0.4243333333333333 0.04122916666666671 0.08611111111111111
0 0.9008802083333334 0.465712962962963 0.08050520833333343 0.13877777777777783
1 0.5439479166666668 0.3893148148148148 0.037203124999999976 0.0863981481481482
0 0.5854479166666666 0.40628703703703706 0.04812500000000005 0.09981481481481477
0 0.8136510416666667 0.32308333333333333 0.03685416666666678 0.043055555555555555
1 0.9577447916666666 0.33778703703703705 0.013697916666666761 0.04204629629629627