0 0.24207291666666667 0.5936203703703704 0.05815104166666669 0.12897222222222218
0 0.3305677083333334 0.5039074074074075 0.05410937500000005 0.10069444444444445
0 0.7255885416666668 0.4155462962962963 0.0633541666666666 0.10452777777777776
0 0.7963854166666666 0.4600740740740741 0.07934375000000007 0.12771296296296303
1 0.9106458333333334 0.471787037037037 0.08019791666666667 0.125
0 0.8631666666666666 0.3657037037037037 0.03593229166666655 0.05562037037037042
0 0.7506770833333333 0.5459537037037037 0.0890625 0.1606944444444444
1 0.7983697916666667 0.37903703703703706 0.05148437499999995 0.059675925925925966
0 0.38379166666666664 0.5108518518518519 0.046994791666666674 0.10861111111111107
1 0.5522447916666666 0.391712962962963 0.03561458333333339 0.07665740740740737
0 0.9389635416666666 0.3654537037037037 0.048947916666666674 0.0908240740740741
0 0.6586927083333334 0.3739166666666667 0.03689583333333341 0.0765
0 0.8940052083333333 0.35309259259259257 0.03590625000000003 0.05350925925925923
0 0.83203125 0.3441851851851852 0.04168749999999998 0.08035185185185183
0 0.65625 0.3189166666666667 0.028807291666666637 0.05048148148148147
0 0.442625 0.42687037037037034 0.043276041666666626 0.08198148148148145
1 0.76171875 0.32855555555555555 0.04083333333333338 0.06412962962962962
0 0.15930208333333334 0.5763888888888888 0.065125 0.127925925925926
0 0.501953125 0.4557314814814815 0.04467708333333332 0.11555555555555556
0 0.5952135416666666 0.5412314814814815 0.08910937500000007 0.12955555555555562
0 0.5791041666666668 0.34775 0.04092187500000009 0.04938888888888892
1 0.5924947916666666 0.40137962962962964 0.04683333333333337 0.08212962962962968