0 0.3330625 0.4959722222222222 0.048036458333333344 0.10547222222222224
0 0.2396875 0.6133240740740741 0.08508333333333334 0.21712037037037038
0 0.3807291666666667 0.4991203703703703 0.062484375000000016 0.10122222222222216
0 0.8672708333333333 0.3718240740740741 0.03760416666666657 0.06339814814814818
0 0.5766614583333334 0.3461296296296296 0.03753645833333342 0.04464814814814817
0 0.6435572916666668 0.3641481481481481 0.03948958333333342 0.07101851851851856
0 0.44629166666666664 0.4305555555555556 0.04281770833333335 0.06993518518518516
1 0.9111354166666668 0.4709166666666667 0.07879687499999997 0.12478703703703707
0 0.156859375 0.5785555555555556 0.06164583333333334 0.13010185185185183
0 0.7513697916666667 0.3555462962962963 0.04932812500000002 0.06254629629629625
0 0.7163072916666666 0.4353333333333334 0.051942708333333344 0.12987962962962968
0 0.8266614583333334 0.3326851851851852 0.04077083333333344 0.05772222222222225
0 0.9360364583333334 0.37304629629629626 0.05041666666666676 0.09065740740740738
0 0.7623697916666666 0.5371574074074074 0.0767395833333334 0.16787962962962957
0 0.653140625 0.3223703703703704 0.04014062500000008 0.03645370370370371
0 0.7681041666666667 0.314962962962963 0.03388541666666664 0.043231481481481426
1 0.7978333333333333 0.3792685185185185 0.046484375 0.06007407407407407
0 0.595703125 0.5351574074074075 0.08758333333333326 0.1425740740740741
1 0.5029479166666666 0.4452777777777778 0.047265625 0.0876018518518518
0 0.8000781250000001 0.43209259259259264 0.06201041666666664 0.052981481481481504
0 0.5867812499999999 0.39825925925925926 0.05755208333333333 0.08024999999999996
1 0.5320885416666666 0.3895555555555556 0.0355833333333333 0.056564814814814846
0 0.8938177083333334 0.34431481481481485 0.027791666666666732 0.04437037037037033