0 0.2425537109375 0.6134357248535491 0.08929443359375 0.15938013026265382
1 0.49560546875 0.4457465277777778 0.04595947265625 0.0988498263888889
1 0.443115234375 0.4303385416666667 0.04400634765625 0.0686306423611111
0 0.388916015625 0.5121527777777778 0.048858642578125 0.1095920138888889
1 0.8762054077633604 0.3891337930517252 0.045989917089221184 0.10769466943678375
0 0.9397209890255307 0.38867187499999994 0.04383683054268867 0.11903211805555555
1 0.5847951986742181 0.34892130821184747 0.042903499135938716 0.042840446284806065
1 0.3369140625 0.4978298611111111 0.050048828125 0.09998914930555555
0 0.7890625 0.4544270833333333 0.07452392578125 0.12727864583333334
0 0.71923828125 0.4357638888888889 0.061309814453125 0.13975694444444445
0 0.548828125 0.3971354166666667 0.03704833984375 0.08355034722222222
0 0.82568359375 0.3441840277777778 0.035552978515625 0.09049479166666667
1 0.9013671875 0.4665798611111111 0.0810546875 0.1333550347222222
1 0.1502685546875 0.5755208333333334 0.08251953125 0.1281467013888889
0 0.814453125 0.3851996527777778 0.047882080078125 0.1037326388888889
0 0.63916015625 0.3639322916666667 0.042083740234375 0.07470703125
0 0.7490234375 0.5390625 0.091064453125 0.16981336805555555
1 0.5830078125 0.4075520833333333 0.04559326171875 0.09266493055555555
1 0.763671875 0.32421875 0.042327880859375 0.06412760416666667
0 0.65478515625 0.32421875 0.0296478271484375 0.06293402777777778
0 0.70361328125 0.3274739583333333 0.03643798828125 0.059244791666666664
0 0.59814453125 0.5377604166666666 0.08978271484375 0.13975694444444445
0 0.95458984375 0.3528645833333333 0.01490020751953125 0.06293402777777778