0 0.24632812499999998 0.623712962962963 0.07704687499999997 0.17125000000000004
1 0.5302708333333334 0.4006388888888889 0.03540104166666668 0.08909259259259261
0 0.587953125 0.40423148148148147 0.05041666666666676 0.09123148148148146
0 0.76325 0.32102777777777775 0.035244791666666705 0.06670370370370367
1 0.817171875 0.318212962962963 0.029739583333333285 0.044416666666666695
1 0.65453125 0.3301851851851852 0.027635416666666638 0.07086111111111108
1 0.6281874999999999 0.12235185185185184 0.002338541666666553 0.0045555555555555705
1 0.6040052083333334 0.5342870370370371 0.0889895833333334 0.1362870370370371
1 0.7514635416666666 0.5421018518518519 0.0867916666666666 0.16742592592592587
0 0.7209791666666666 0.4257592592592592 0.06258333333333325 0.11203703703703699
1 0.820453125 0.3565740740740741 0.056906250000000116 0.055157407407407454
1 0.8154322916666668 0.37999074074074074 0.0669531250000001 0.10199999999999997
0 0.3322760416666667 0.4965277777777778 0.05154166666666669 0.10801851851851854
0 0.931640625 0.3812962962962963 0.05941666666666663 0.10037037037037035
1 0.5 0.44704629629629633 0.04434375000000005 0.09564814814814816
0 0.8779322916666668 0.39019444444444445 0.05996874999999993 0.104712962962963
0 0.15856770833333333 0.573787037037037 0.06396354166666668 0.125
1 0.904296875 0.47135185185185186 0.08038541666666674 0.1260833333333333
0 0.5883802083333334 0.35525 0.03811458333333325 0.07085185185185183
0 0.63671875 0.36306481481481484 0.03567708333333333 0.07221296296296296
0 0.4428697916666666 0.4264351851851852 0.04321354166666668 0.07855555555555559
0 0.7021510416666668 0.3246574074074074 0.038328125000000074 0.0628240740740741
0 0.3869635416666667 0.511287037037037 0.05145312499999998 0.10959259259259255
0 0.8012708333333334 0.44922222222222224 0.07781770833333326 0.15679629629629632