0 0.9392395833333332 0.3683240740740741 0.045598958333333425 0.07535185185185185
0 0.7557916666666666 0.35876851851851854 0.04633854166666656 0.06596296296296297
0 0.9091822916666668 0.4704907407407407 0.07891666666666666 0.12207407407407406
1 0.749421875 0.5398518518518518 0.09844791666666666 0.1740462962962963
0 0.6435572916666668 0.36000925925925925 0.042234375000000074 0.06955555555555556
0 0.5855729166666667 0.40132407407407406 0.05951041666666678 0.09344444444444441
0 0.7971874999999999 0.4335092592592592 0.05984895833333326 0.09717592592592592
0 0.8274114583333334 0.3340648148148148 0.04356770833333338 0.08223148148148153
0 0.869078125 0.39543518518518517 0.04768229166666676 0.10968518518518522
0 0.7656770833333333 0.31218518518518523 0.029593750000000085 0.038574074074074045
0 0.703078125 0.4248703703703704 0.0488124999999999 0.11198148148148153
0 0.6581979166666667 0.3113240740740741 0.02672916666666675 0.03868518518518516
0 0.5747083333333334 0.3458425925925926 0.04519791666666677 0.04000000000000004
0 0.13435416666666666 0.5744722222222222 0.08482291666666668 0.12421296296296305
0 0.22986979166666668 0.6042314814814815 0.09908333333333334 0.17005555555555563
0 0.496765625 0.4440092592592592 0.048812500000000016 0.0992592592592593
0 0.3305677083333334 0.48741666666666666 0.050234375000000026 0.10899074074074078
1 0.5244166666666666 0.3808796296296296 0.05526562499999995 0.04939814814814817
1 0.7978541666666668 0.3727037037037037 0.03469791666666661 0.04847222222222224
0 0.4419791666666667 0.4231388888888889 0.04287499999999997 0.08274074074074075
0 0.384234375 0.506462962962963 0.05447916666666662 0.1245648148148148
0 0.5969635416666667 0.5313796296296296 0.09997395833333324 0.13194444444444445
0 0.8953541666666667 0.3604351851851852 0.03817187499999998 0.07107407407407407