0 0.9382864583333334 0.37102777777777773 0.053828124999999956 0.09962962962962965
0 0.7455885416666667 0.3657685185185185 0.05696354166666661 0.07865740740740745
0 0.9140416666666666 0.44819444444444445 0.08031249999999991 0.08503703703703706
0 0.7826458333333334 0.517888888888889 0.10842708333333324 0.15892592592592597
0 0.6560364583333332 0.3639074074074074 0.049156250000000054 0.06852777777777777
0 0.5845572916666666 0.3961851851851852 0.05951041666666678 0.08502777777777781
0 0.8009791666666667 0.42177777777777775 0.07761458333333332 0.08301851851851849
1 0.8263437499999999 0.3331111111111111 0.04852604166666671 0.05513888888888885
0 0.87184375 0.3739259259259259 0.05333333333333338 0.08021296296296296
0 0.7661927083333333 0.31899074074074074 0.044984374999999945 0.057555555555555526
0 0.7054375 0.4224259259259259 0.06262499999999989 0.09284259259259257
0 0.161328125 0.5717037037037037 0.07648437500000001 0.11667592592592592
1 0.4998020833333333 0.44313888888888886 0.048812500000000016 0.0915462962962963
0 0.33160416666666664 0.4906203703703704 0.05897916666666667 0.09608333333333331
1 0.5244166666666666 0.37851851851851853 0.05526562499999995 0.05277777777777778
0 0.3860572916666667 0.49746296296296294 0.0645572916666667 0.11299999999999996
0 0.24108333333333334 0.5981666666666666 0.08739062499999999 0.13444444444444448
0 0.8917916666666666 0.5555462962962963 0.11043749999999998 0.17437037037037031
0 0.43955208333333334 0.4309351851851852 0.052510416666666636 0.08186111111111108
0 0.6081562500000001 0.5179166666666667 0.09210937499999995 0.11637037037037043
1 0.8189791666666667 0.40108333333333335 0.0468906250000001 0.061037037037037
0 0.8950312500000001 0.34226851851851847 0.03205729166666676 0.04527777777777776
0 0.6475624999999999 0.31877777777777777 0.03958333333333333 0.04287037037037033