0 0.9382864583333334 0.37102777777777773 0.053828124999999956 0.09962962962962965
0 0.7444739583333334 0.36439814814814814 0.05696354166666661 0.07865740740740745
0 0.8876770833333333 0.44662962962962965 0.09255729166666668 0.0911481481481482
0 0.77803125 0.5270925925925926 0.10842708333333324 0.15892592592592586
0 0.6560364583333332 0.3639074074074074 0.049156250000000054 0.06852777777777777
0 0.5845572916666666 0.3961851851851852 0.05951041666666678 0.08502777777777781
0 0.79440625 0.43403703703703705 0.08480208333333342 0.08342592592592589
0 0.828609375 0.33162962962962966 0.05496874999999998 0.06415740740740737
0 0.872078125 0.37974074074074077 0.05333333333333338 0.0875
0 0.7654531250000001 0.31678703703703703 0.044984374999999945 0.05338888888888886
0 0.704796875 0.42831481481481476 0.06262499999999989 0.1069444444444444
0 0.1560052083333333 0.5730000000000001 0.07648437500000001 0.11667592592592592
1 0.4998020833333333 0.4482777777777778 0.048812500000000016 0.09154629629629635
0 0.32410416666666664 0.4876574074074074 0.05897916666666667 0.09608333333333331
1 0.5244166666666666 0.37851851851851853 0.05526562499999995 0.05277777777777778
0 0.3860572916666667 0.49746296296296294 0.0645572916666667 0.11299999999999996
0 0.24108333333333334 0.5981666666666666 0.08739062499999999 0.13444444444444448
0 0.8917916666666666 0.5577685185185185 0.11043749999999998 0.17437037037037031
0 0.42446875 0.42758333333333337 0.052510416666666636 0.08186111111111108
0 0.60559375 0.5310462962962963 0.0979583333333333 0.13511111111111113
1 0.8131145833333334 0.3737962962962963 0.04717708333333329 0.0518981481481481
0 0.5831510416666668 0.3464537037037037 0.0403229166666667 0.03853703703703704
0 0.6500468749999999 0.31623148148148145 0.03782291666666661 0.040055555555555546
0 0.8905104166666666 0.3488888888888889 0.034385416666666654 0.0481203703703704