0 0.32434958016129506 0.5018709851297056 0.06409991194303484 0.11989865428718897
0 0.2418729209257885 0.6087098599322777 0.083881111273423 0.15123048375344422
0 0.4468094780573461 0.44978801583488937 0.05041180560405773 0.09895754208644542
1 0.52880859375 0.3873697916666667 0.032958984375 0.07085503472222222
0 0.49917154249651585 0.4497128026834903 0.04400634765625 0.09998914930555561
1 0.8221643913517711 0.37999107675209964 0.055073072765207814 0.10253857711531038
0 0.7721411852259353 0.5483542821678514 0.09255844986062982 0.1556785884420751
0 0.7815626589694424 0.4413146608132352 0.08036833440486528 0.11364060634869272
0 0.1585693359375 0.5785590277777778 0.06561279296875 0.13216145833333334
0 0.900390625 0.4674479166666667 0.0830078125 0.13563368055555555
0 0.591796875 0.4084201388888889 0.04620361328125 0.10682508680555555
0 0.638671875 0.3650173611111111 0.040252685546875 0.07552083333333333
0 0.580078125 0.3617621527777778 0.04400634765625 0.07709418402777778
0 0.7275390625 0.4366319444444444 0.059539794921875 0.1457248263888889
0 0.6572265625 0.3302951388888889 0.0294189453125 0.06016710069444445
0 0.93798828125 0.390625 0.049041748046875 0.11371527777777778
1 0.875 0.3828125 0.060516357421875 0.08848741319444445
0 0.388671875 0.5130208333333334 0.04931640625 0.11100260416666667
0 0.701171875 0.3259548611111111 0.038909912109375 0.06141493055555555
0 0.76318359375 0.3266059027777778 0.053314208984375 0.08094618055555555
0 0.59814453125 0.53125 0.089111328125 0.14290364583333334