0 0.5986354166666668 0.5329907407407407 0.08978125000000006 0.13877777777777772
0 0.871875 0.3811759259259259 0.03192187499999998 0.08095370370370365
0 0.7260729166666666 0.42220370370370375 0.05801562499999993 0.11349999999999999
0 0.9377760416666666 0.36739814814814814 0.04546354166666665 0.08005555555555559
0 0.155640625 0.5733518518518519 0.056973958333333324 0.12521296296296297
0 0.3325208333333334 0.4956574074074074 0.05166666666666669 0.10166666666666663
0 0.24450520833333333 0.6636296296296297 0.08196874999999999 0.26193518518518505
0 0.748046875 0.536888888888889 0.09185937499999994 0.17220370370370372
0 0.7944322916666666 0.4522592592592593 0.07848958333333324 0.1368240740740741
0 0.448484375 0.4279537037037037 0.04183854166666663 0.07232407407407408
0 0.76171875 0.32899074074074075 0.05154166666666669 0.06684259259259254
0 0.38689062500000004 0.5133796296296297 0.053791666666666654 0.11237037037037033
0 0.7001979166666668 0.3287777777777778 0.04239062499999993 0.062009259259259285
1 0.904296875 0.4652777777777778 0.08386458333333333 0.13313888888888886
1 0.5283229166666666 0.39323148148148146 0.03448437499999996 0.06900925925925923
0 0.591796875 0.40958333333333335 0.04690624999999997 0.09737037037037034
0 0.5834947916666666 0.3513425925925926 0.035947916666666656 0.060379629629629665
1 0.4992395833333333 0.44922222222222224 0.04327083333333329 0.0933703703703704
0 0.8256822916666666 0.3573888888888889 0.06463541666666663 0.05474999999999999
0 0.6596666666666666 0.3331574074074074 0.043703124999999926 0.0735185185185185
0 0.8133697916666667 0.3232407407407408 0.03619270833333322 0.03512962962962968