0 0.7509791666666668 0.5377592592592593 0.08831770833333343 0.1710092592592593
0 0.929765625 0.37707407407407406 0.05006249999999994 0.0956111111111111
0 0.7172864583333334 0.4226296296296296 0.06189062499999996 0.10969444444444441
0 0.8134791666666668 0.3843333333333333 0.04708854166666659 0.09906481481481483
0 0.16015625 0.5755185185185184 0.06658854166666668 0.1286851851851852
0 0.5947291666666668 0.537324074074074 0.08819791666666674 0.1397592592592593
0 0.242921875 0.6086203703703703 0.08728125000000002 0.15062037037037043
0 0.8868177083333334 0.3916388888888889 0.04035416666666668 0.09470370370370368
0 0.7890625 0.45573148148148146 0.07318229166666677 0.12630555555555553
0 0.6391614583333334 0.3645833333333333 0.04147395833333339 0.073462962962963
0 0.6983125 0.3262407407407407 0.03934374999999998 0.061601851851851824
0 0.3298333333333333 0.4960925925925926 0.05941666666666663 0.10014814814814817
0 0.43431770833333333 0.4264351851851852 0.053885416666666686 0.07612037037037041
0 0.6538072916666666 0.3237777777777778 0.030854166666666554 0.06560185185185187
1 0.5389791666666667 0.3924259259259259 0.042104166666666686 0.08059259259259256
0 0.5864270833333334 0.36306481481481484 0.03948958333333342 0.07139814814814816
0 0.9018541666666666 0.4700555555555556 0.08166666666666676 0.11946296296296299
0 0.7612291666666666 0.32551851851851854 0.04510416666666662 0.06700000000000002
1 0.5844739583333334 0.4083425925925926 0.04247916666666664 0.08440740740740738
0 0.8266614583333334 0.3420185185185185 0.03689583333333341 0.08512037037037043
0 0.495140625 0.43725 0.04403645833333331 0.08665740740740738
1 0.38188020833333336 0.5005833333333334 0.058864583333333324 0.096712962962963
0 0.9585260416666667 0.3352777777777778 0.011822916666666572 0.05584259259259254