0 0.23888020833333332 0.6036018518518519 0.08882812499999998 0.1397037037037036
1 0.91215625 0.4771944444444444 0.09637499999999997 0.12662962962962962
0 0.5757604166666667 0.34762037037037036 0.03835937500000005 0.055481481481481444
0 0.650296875 0.3660185185185185 0.04454166666666666 0.08501851851851856
1 0.5373645833333334 0.39578703703703705 0.042578125 0.08237962962962965
0 0.8700208333333334 0.3926851851851852 0.04524479166666661 0.10411111111111117
0 0.650740683332743 0.3221234577645463 0.03669917532670131 0.0540233912235371
0 0.8950461167380794 0.3595622503384749 0.03696465128946613 0.07182632359361628
0 0.5854549754290799 0.39574215368960297 0.05687325226684052 0.086189168490317
0 0.8298110081062444 0.3421765940637549 0.029610521409549288 0.07411013257195428
0 0.59375 0.5360243055555556 0.08880615234375 0.1353081597222222
0 0.2381591796875 0.6614583333333334 0.090087890625 0.255859375
0 0.7958984375 0.4496527777777778 0.07720947265625 0.13313802083333334
0 0.81494140625 0.3832465277777778 0.046722412109375 0.10508897569444445
0 0.72705078125 0.4338107638888889 0.061767578125 0.13834635416666666
0 0.9384765625 0.3908420138888889 0.05023193359375 0.11859809027777778
0 0.75341796875 0.5455729166666666 0.0885009765625 0.1743706597222222
0 0.7021484375 0.3259548611111111 0.040985107421875 0.06597222222222222
0 0.5009765625 0.4500868055555556 0.044189453125 0.09776475694444445
0 0.381103515625 0.5151909722222222 0.0504150390625 0.11263020833333333
0 0.45166015625 0.427734375 0.043701171875 0.08170572916666667
0 0.763671875 0.3235677083333333 0.048675537109375 0.06477864583333333
0 0.1588134765625 0.5768229166666666 0.06268310546875 0.1291232638888889
0 0.3291015625 0.4978298611111111 0.054107666015625 0.1064453125