0 0.15746875 0.5746574074074075 0.06371875000000002 0.12814814814814823
0 0.23418229166666665 0.6273333333333333 0.07922395833333332 0.21451851851851858
0 0.442 0.44172222222222224 0.04290104166666673 0.0996018518518519
1 0.5432291666666667 0.3993333333333333 0.04278645833333338 0.08882407407407414
0 0.591796875 0.4090740740740741 0.04458854166666673 0.10411111111111106
0 0.5767239583333333 0.35291666666666666 0.04600000000000008 0.05538888888888893
1 0.6551666666666667 0.31936111111111115 0.03256249999999999 0.03812962962962958
0 0.6473958333333333 0.3695462962962963 0.05057291666666662 0.0927222222222222
0 0.8159166666666666 0.38520370370370366 0.05166666666666657 0.1062314814814815
0 0.9358385416666667 0.3882037037037037 0.05117708333333345 0.12612962962962965
0 0.7279947916666667 0.42483333333333334 0.06444791666666655 0.11811111111111117
1 0.5024427083333334 0.4479166666666667 0.03955208333333336 0.0996111111111111
0 0.599609375 0.5325555555555556 0.09136979166666657 0.13725925925925928
0 0.7495104166666666 0.5390648148148148 0.0903906250000001 0.1701388888888889
1 0.904296875 0.46614814814814814 0.08386458333333333 0.1295555555555555
0 0.7939479166666668 0.4544259259259259 0.07708854166666677 0.13031481481481483
0 0.3295885416666666 0.496962962962963 0.052614583333333326 0.10373148148148145
0 0.8671875 0.3962685185185185 0.05529687500000004 0.11165740740740744
0 0.3845208333333333 0.5104166666666666 0.04858333333333332 0.10959259259259255
0 0.8227552083333334 0.3441851851851852 0.03454687499999996 0.07855555555555559
0 0.7036145833333334 0.3263888888888889 0.03964062500000007 0.06261111111111112
0 0.7626979166666668 0.3259537037037037 0.05041666666666676 0.0628240740740741
0 0.8916041666666668 0.36327777777777776 0.03854166666666667 0.0757962962962963