1 0.49834895833333337 0.4470462962962962 0.04520312499999998 0.09722222222222217
0 0.74609375 0.5364629629629629 0.0951562499999999 0.1731759259259259
0 0.5986354166666668 0.5325555555555556 0.0889895833333334 0.1397592592592593
0 0.16003645833333333 0.5772592592592594 0.06384375 0.12955555555555562
0 0.33105729166666664 0.4965277777777778 0.05581770833333337 0.1050925925925926
0 0.9401822916666667 0.36910185185185185 0.04484374999999995 0.08542592592592592
0 0.23938020833333334 0.6553796296296296 0.08929687500000003 0.2504351851851852
0 0.8701197916666668 0.3906296296296296 0.0616458333333334 0.1095925925925926
0 0.814453125 0.38325000000000004 0.052427083333333256 0.10644444444444448
0 0.7275416666666668 0.434462962962963 0.06189062499999996 0.14203703703703707
1 0.5332395833333333 0.39323148148148146 0.050093750000000034 0.0768240740740741
0 0.7026354166666666 0.3259537037037037 0.04183854166666663 0.0654814814814815
0 0.458984375 0.43207407407407405 0.039124999999999945 0.0757962962962963
0 0.3811041666666667 0.5095462962962962 0.04830729166666667 0.10411111111111117
1 0.7890625 0.4552962962962963 0.06805208333333326 0.13368518518518524
1 0.916015625 0.47352777777777777 0.08959895833333344 0.13074999999999998
0 0.7631822916666666 0.32378703703703704 0.04977604166666675 0.06646296296296293
0 0.8158124999999999 0.35767592592592595 0.041812500000000107 0.05413888888888892
0 0.578125 0.33819444444444446 0.04525520833333327 0.029953703703703725
0 0.6547864583333334 0.32037037037037036 0.03216666666666678 0.041027777777777726
0 0.5866770833333333 0.4053888888888889 0.0545260416666667 0.09710185185185186
0 0.6535885416666667 0.3753796296296297 0.04122916666666659 0.09314814814814817