0 0.6005885416666668 0.53125 0.08959895833333344 0.14105555555555555
0 0.8793958333333334 0.3858518518518519 0.05877604166666662 0.09760185185185183
0 0.7270520833333334 0.4351111111111111 0.05728125000000001 0.1408425925925926
0 0.7709947916666666 0.5355925925925926 0.09857291666666677 0.17524074074074072
0 0.33203125 0.4947962962962963 0.05419791666666664 0.10877777777777779
0 0.9363333333333334 0.3846111111111111 0.044479166666666715 0.10414814814814817
0 0.7021510416666668 0.32769444444444445 0.03802604166666678 0.058916666666666666
0 0.15869270833333332 0.5768240740740741 0.06427083333333332 0.12890740740740744
0 0.580078125 0.3451296296296296 0.04272395833333344 0.04329629629629629
0 0.5048854166666666 0.44249074074074074 0.04501562500000003 0.0985277777777778
0 0.244140625 0.6180925925925925 0.08062499999999997 0.1643611111111111
0 0.3845208333333333 0.5164907407407406 0.05270312500000003 0.11327777777777776
0 0.7924791666666666 0.43117592592592596 0.07751562499999996 0.07003703703703702
0 0.6318385416666668 0.36437037037037034 0.04232812499999999 0.07752777777777779
0 0.5908229166666668 0.40712037037037035 0.046994791666666674 0.10644444444444448
0 0.9013697916666668 0.4652777777777778 0.08252083333333336 0.12955555555555556
0 0.44629166666666664 0.42230555555555555 0.04794270833333331 0.09424074074074072
1 0.5268541666666666 0.38520370370370366 0.03448437500000002 0.06760185185185184
0 0.7631822916666666 0.3281296296296296 0.03768750000000007 0.07058333333333335
0 0.8144322916666666 0.3241851851851852 0.027979166666666562 0.03779629629629634
0 0.6548541666666666 0.32569444444444445 0.02506770833333339 0.052027777777777826
0 0.5048854166666666 0.4136296296296297 0.022463541666666722 0.045111111111111137
1 0.8156458333333333 0.36443518518518514 0.04996875000000003 0.06306481481481482