0 0.3298333333333333 0.496962962962963 0.05398437500000005 0.10471296296296294
0 0.44308333333333333 0.44052777777777774 0.04416145833333331 0.09616666666666662
1 0.8159166666666666 0.3854166666666667 0.05154166666666669 0.10839814814814809
0 0.5841041666666666 0.34376851851851853 0.046963541666666705 0.05081481481481481
0 0.6490520833333334 0.37156481481481485 0.047875000000000036 0.09166666666666666
1 0.9086927083333334 0.471787037037037 0.08978125000000006 0.13465740740740748
1 0.8675677083333333 0.39087962962962963 0.050697916666666745 0.09794444444444442
0 0.7257135416666666 0.4259351851851852 0.06541666666666662 0.12117592592592588
0 0.23816145833333333 0.617212962962963 0.08801041666666667 0.168675925925926
0 0.75 0.5390648148148148 0.08947916666666676 0.16894444444444448
0 0.8916041666666668 0.3652314814814815 0.04287500000000009 0.08246296296296302
1 0.5395520833333334 0.3962685185185185 0.03970312500000001 0.08230555555555555
0 0.7944322916666666 0.4544259259259259 0.07751562499999996 0.13097222222222227
0 0.9360364583333334 0.389537037037037 0.05340624999999998 0.13075000000000003
0 0.15930208333333334 0.5772592592592594 0.06439062499999999 0.1286851851851852
0 0.5922864583333334 0.4099351851851852 0.04336458333333345 0.10259259259259255
0 0.65625 0.32790740740740737 0.029375000000000047 0.058481481481481454
0 0.7622083333333334 0.32855555555555555 0.051088541666666744 0.06851851851851852
0 0.595703125 0.5355925925925926 0.0889895833333334 0.14572222222222228
1 0.5014635416666666 0.4479166666666667 0.038755208333333374 0.09353703703703702
0 0.8256822916666666 0.3441851851851852 0.030916666666666735 0.07872222222222221
0 0.3852552083333334 0.5117222222222222 0.04931770833333336 0.10877777777777779
0 0.7021510416666668 0.32487037037037036 0.04147395833333339 0.06309259259259258
0 0.689453125 0.3739166666666667 0.04247916666666664 0.15679629629629632