0 0.9382864583333334 0.37102777777777773 0.053828124999999956 0.09962962962962965
0 0.7488333333333334 0.3583703703703704 0.054796875000000016 0.0798796296296296
1 0.8782031250000001 0.44446296296296295 0.05916666666666662 0.08686111111111106
0 0.7848072916666666 0.5305740740740741 0.10842708333333324 0.16160185185185183
0 0.6560364583333332 0.3639074074074074 0.049156250000000054 0.06852777777777777
0 0.5845572916666666 0.3961851851851852 0.05951041666666678 0.08502777777777781
0 0.787546875 0.43656481481481485 0.08480208333333342 0.07455555555555554
0 0.8348697916666666 0.32557407407407407 0.05496874999999998 0.06415740740740737
0 0.8725468749999999 0.3796759259259259 0.05334375000000004 0.0798240740740741
0 0.770390625 0.31835185185185183 0.044984374999999945 0.05338888888888886
0 0.7162552083333333 0.43236111111111114 0.06262499999999989 0.1069444444444445
0 0.16769270833333336 0.5730925925925926 0.07648437500000001 0.11667592592592592
1 0.4998020833333333 0.4482777777777778 0.048812500000000016 0.09154629629629635
1 0.3307760416666667 0.4876574074074074 0.05897916666666667 0.09608333333333331
1 0.5244166666666666 0.3832777777777778 0.05526562499999995 0.046462962962962914
0 0.3860572916666667 0.49746296296296294 0.0645572916666667 0.11299999999999996
0 0.24108333333333334 0.5981666666666666 0.08739062499999999 0.13444444444444448
0 0.89415625 0.5553611111111111 0.11043749999999998 0.17437037037037031
0 0.42834374999999997 0.42424074074074075 0.052510416666666636 0.08186111111111108
0 0.6005208333333333 0.5274629629629629 0.0979583333333333 0.13511111111111113
0 0.820671875 0.3748888888888889 0.04509374999999996 0.07859259259259259
0 0.6503489583333334 0.31516666666666665 0.03782291666666661 0.040055555555555546
0 0.8929791666666667 0.3437037037037037 0.03263541666666659 0.03887037037037039
0 0.7019114583333333 0.3180277777777778 0.04833854166666664 0.05229629629629631
0 0.5853854166666667 0.34653703703703703 0.042177083333333344 0.03910185185185187