0 0.9394947916666666 0.37115740740740744 0.050151041666666646 0.09729629629629634
0 0.7434583333333333 0.3601111111111111 0.07243229166666675 0.0827314814814815
0 0.903140625 0.44923148148148156 0.07891666666666666 0.09703703703703705
1 0.7583645833333333 0.5416296296296297 0.09844791666666666 0.1740462962962963
0 0.6527604166666666 0.36186111111111113 0.04224479166666673 0.06852777777777777
0 0.5855729166666667 0.40132407407407406 0.05951041666666678 0.09344444444444441
0 0.7946927083333333 0.43765740740740744 0.07356770833333333 0.09575925925925922
1 0.8289687499999999 0.3232407407407408 0.044140625 0.06041666666666667
0 0.8840312499999999 0.37693518518518515 0.05994791666666662 0.07786111111111114
0 0.7677083333333333 0.31471296296296297 0.03866666666666655 0.042907407407407436
0 0.6965260416666667 0.4234537037037037 0.06644791666666663 0.1018703703703704
0 0.5882343750000001 0.3397222222222222 0.04519791666666677 0.04000000000000004
0 0.13904166666666665 0.574212962962963 0.08505729166666669 0.1275462962962963
1 0.496765625 0.4440092592592592 0.048812500000000016 0.0992592592592593
0 0.32883854166666665 0.48127777777777775 0.061348958333333314 0.10018518518518522
1 0.5324895833333333 0.3828425925925926 0.03911979166666661 0.061444444444444454
1 0.8193125 0.3717685185185185 0.051364583333333276 0.0617407407407408
0 0.433703125 0.4158981481481482 0.04287499999999997 0.08274074074074075
0 0.3860572916666667 0.49746296296296294 0.0645572916666667 0.11299999999999996
0 0.5985937499999999 0.5233796296296296 0.09997395833333324 0.13194444444444445
0 0.24235416666666668 0.5965185185185186 0.0812760416666667 0.14937037037037032
0 0.9095364583333333 0.5636388888888889 0.11681250000000011 0.18437037037037032