0 0.24058333333333334 0.5952500000000001 0.07073958333333336 0.13456481481481475
0 0.1611145833333333 0.5561388888888888 0.06828645833333334 0.09725925925925923
0 0.326046875 0.48380555555555554 0.041541666666666664 0.07779629629629628
0 0.43504166666666666 0.41959259259259263 0.05783333333333331 0.07591666666666667
0 0.37091145833333333 0.4990833333333333 0.062296874999999946 0.09650925925925928
1 0.9132447916666667 0.4643611111111111 0.0605625000000001 0.11608333333333329
0 0.8001666666666666 0.4446851851851852 0.06855208333333328 0.10876851851851854
0 0.5004895833333334 0.4448796296296297 0.04715104166666665 0.10069444444444445
0 0.7268749999999999 0.42162962962962963 0.05952604166666665 0.11312037037037039
0 0.87109375 0.3906296296296296 0.05511458333333342 0.104712962962963
0 0.9365260416666668 0.38378703703703704 0.051760416666666725 0.1003611111111111
1 0.537109375 0.3930092592592592 0.0390625 0.0794259259259259
0 0.751953125 0.5381944444444444 0.08819791666666674 0.17372222222222217
0 0.8213645833333333 0.37303703703703706 0.04504687499999989 0.07913888888888891
0 0.8930364583333333 0.3497037037037037 0.04131770833333329 0.05162037037037037
0 0.58421875 0.4015925925925926 0.05329166666666675 0.08554629629629629
0 0.6538072916666666 0.3665185185185185 0.04525520833333327 0.07401851851851847
1 0.6448645833333334 0.3184814814814815 0.04922916666666666 0.048203703703703756
0 0.8428645833333334 0.33359259259259255 0.02915104166666656 0.06204629629629629
0 0.6040833333333333 0.5478333333333333 0.08632291666666679 0.16777777777777783
0 0.7630416666666666 0.3232777777777778 0.049515625000000084 0.06870370370370374
0 0.7001979166666668 0.32790740740740737 0.04162500000000004 0.0621203703703704
0 0.578125 0.3401296296296296 0.03759895833333336 0.04242592592592597