1 0.5983245739761021 0.5267990181403952 0.07341557466263259 0.12372235510679443
0 0.724609375 0.4379340277777778 0.06573486328125 0.13509114583333334
1 0.8984375 0.4639756944444444 0.079345703125 0.1281467013888889
1 0.7919921875 0.4539930555555556 0.0738525390625 0.13096788194444445
1 0.8759765625 0.3917100694444444 0.057373046875 0.0959743923611111
1 0.81591796875 0.3934461805555556 0.05340576171875 0.08463541666666667
0 0.76123046875 0.3294270833333333 0.049224853515625 0.0724826388888889
0 0.93359375 0.3923611111111111 0.054412841796875 0.12293836805555555
1 0.7666015625 0.5564236111111112 0.1026611328125 0.16536458333333334
1 0.818359375 0.34375 0.052032470703125 0.09233940972222222
0 0.6318359375 0.3643663194444444 0.036834716796875 0.0769314236111111
0 0.7001953125 0.3259548611111111 0.04217529296875 0.06412760416666667
1 0.9591745482867258 0.3395077491365691 0.011969994362855611 0.054055792591409434
1 0.59765625 0.359375 0.036712646484375 0.06005859375
1 0.657496950033062 0.3216108836601121 0.028546130926702298 0.05670017013770645
0 0.58837890625 0.4053819444444444 0.043701171875 0.10563151041666667
0 0.334716796875 0.5021701388888888 0.05633544921875 0.11100260416666667
1 0.1761474609375 0.5859375 0.06304931640625 0.13661024305555555
0 0.2425537109375 0.6631944444444444 0.0809326171875 0.2523871527777778
1 0.5 0.4479166666666667 0.03656005859375 0.09288194444444445
0 0.390869140625 0.5069444444444444 0.049224853515625 0.1047092013888889
1 0.52734375 0.3943142361111111 0.033660888671875 0.0832248263888889
1 0.453369140625 0.4318576388888889 0.040374755859375 0.06993272569444445