0 0.9411041666666667 0.37224999999999997 0.04583854166666678 0.09851851851851849
0 0.7540885416666666 0.3763148148148148 0.04973958333333333 0.10105555555555554
0 0.90946875 0.4679166666666667 0.07891666666666666 0.12207407407407406
1 0.7474114583333333 0.5477685185185186 0.09844791666666666 0.1740462962962963
0 0.6400885416666667 0.3605277777777778 0.03529687499999999 0.06852777777777777
0 0.5855729166666667 0.40132407407407406 0.05951041666666678 0.09344444444444441
0 0.8061614583333333 0.4512129629629629 0.0625 0.10575925925925923
0 0.8324583333333333 0.3369814814814815 0.0458593750000001 0.09037962962962964
0 0.8657916666666666 0.39187037037037037 0.027677083333333265 0.09985185185185189
0 0.7656770833333333 0.31218518518518523 0.029593750000000085 0.038574074074074045
0 0.7035625 0.4296944444444444 0.050624999999999906 0.13214814814814813
0 0.5740572916666667 0.35050925925925924 0.04559374999999998 0.058981481481481524
0 0.13411458333333334 0.574212962962963 0.075203125 0.1275462962962963
0 0.22986979166666668 0.6042314814814815 0.09908333333333334 0.17005555555555563
1 0.496765625 0.4440092592592592 0.048812500000000016 0.0992592592592593
0 0.324453125 0.48692592592592593 0.050234375000000026 0.10899074074074078
0 0.5244166666666666 0.3768240740740741 0.05526562499999995 0.04939814814814817
1 0.796828125 0.3813888888888889 0.03674999999999997 0.0658425925925926
0 0.446109375 0.43511111111111117 0.04826562500000004 0.10672222222222226
0 0.37919791666666663 0.5006851851851852 0.0645572916666667 0.11299999999999996
0 0.6003802083333334 0.529324074074074 0.09997395833333324 0.13194444444444445
0 0.64796875 0.30905555555555553 0.03518229166666676 0.0581111111111111
0 0.8933645833333334 0.35412037037037036 0.03819791666666674 0.061870370370370416