0 0.9412239583333334 0.37828703703703703 0.045598958333333425 0.11058333333333328
0 0.7531718749999999 0.37739814814814815 0.051572916666666656 0.10322222222222224
1 0.90946875 0.4679166666666667 0.07891666666666666 0.12207407407407406
1 0.7551510416666667 0.5506018518518518 0.09844791666666666 0.1740462962962963
0 0.6472604166666667 0.3724722222222222 0.04144270833333342 0.07784259259259253
0 0.5855729166666667 0.40132407407407406 0.05951041666666678 0.09344444444444441
1 0.8023020833333334 0.4338333333333333 0.05984895833333326 0.09717592592592592
0 0.8313124999999999 0.33290740740740743 0.04356770833333338 0.08223148148148153
0 0.8691197916666666 0.3953333333333333 0.03443749999999994 0.10441666666666664
0 0.7656770833333333 0.31218518518518523 0.029593750000000085 0.038574074074074045
0 0.7067552083333334 0.4376296296296296 0.05609895833333335 0.1375
0 0.5742552083333333 0.34101851851851855 0.04519791666666677 0.04000000000000004
0 0.13411458333333334 0.574212962962963 0.075203125 0.1275462962962963
0 0.22986979166666668 0.6042314814814815 0.09908333333333334 0.17005555555555563
1 0.496765625 0.4440092592592592 0.048812500000000016 0.0992592592592593
0 0.324453125 0.48692592592592593 0.050234375000000026 0.10899074074074078
0 0.5244166666666666 0.3768240740740741 0.05526562499999995 0.04939814814814817
0 0.7989947916666666 0.37887037037037036 0.04380208333333328 0.060805555555555516
0 0.44880729166666666 0.42312037037037037 0.04287499999999997 0.08274074074074075
0 0.37919791666666663 0.5006851851851852 0.0645572916666667 0.11299999999999996
0 0.6007552083333334 0.5288796296296296 0.10543750000000003 0.15624074074074074
0 0.6476979166666667 0.30373148148148144 0.03464062500000011 0.04746296296296296
0 0.89 0.35471296296296295 0.03146875000000004 0.06304629629629632