0 0.15905729166666666 0.5768240740740741 0.063109375 0.13194444444444445
0 0.814453125 0.36717592592592596 0.04885937499999997 0.06535185185185188
0 0.940828125 0.37080555555555555 0.04293229166666658 0.07656481481481486
0 0.5927760416666668 0.5355925925925926 0.08373958333333344 0.13368518518518524
0 0.8645052083333333 0.375 0.04014062500000008 0.06316666666666669
0 0.7265625 0.4171388888888889 0.06076041666666659 0.10510185185185185
0 0.3298333333333333 0.4978333333333333 0.05419791666666664 0.1050925925925926
0 0.8217760416666666 0.3260648148148148 0.03548958333333327 0.04379629629629626
0 0.7529322916666668 0.5263888888888889 0.08801041666666667 0.1367592592592593
0 0.7971041666666667 0.4377037037037037 0.07333333333333343 0.09275925925925932
0 0.44581770833333334 0.4141944444444444 0.05569270833333337 0.05674999999999997
1 0.5375989583333334 0.37775000000000003 0.04025520833333331 0.05227777777777781
0 0.501953125 0.43748148148148147 0.04525520833333339 0.08975925925925932
0 0.7006822916666666 0.32855555555555555 0.04168749999999998 0.06261111111111112
0 0.3811041666666667 0.5182314814814816 0.050901041666666674 0.11860185185185183
0 0.9150416666666668 0.4722222222222222 0.0923437500000001 0.12987962962962962
0 0.5766614583333334 0.34193518518518523 0.04031250000000005 0.04368518518518514
0 0.7641614583333334 0.3235648148148148 0.04779166666666678 0.06412962962962962
0 0.6462395833333333 0.3146388888888889 0.04702604166666665 0.04079629629629635
0 0.5922864583333334 0.39532407407407405 0.04434374999999993 0.08264814814814814
0 0.6547864583333334 0.3760833333333333 0.03994791666666657 0.10014814814814813
0 0.8938385416666667 0.3417685185185185 0.038651041666666684 0.035425925925925916
0 0.241546875 0.6028796296296296 0.08795312499999998 0.14706481481481476