1 0.38940625 0.5052129629629629 0.050234375000000026 0.1058518518518518
1 0.590796875 0.39429629629629626 0.04374479166666655 0.08429629629629626
0 0.6546041666666667 0.36815740740740743 0.041817708333333314 0.08439814814814812
1 0.8032239583333334 0.3958333333333333 0.0457760416666666 0.08832407407407405
1 0.7158229166666668 0.4353333333333334 0.051088541666666744 0.1333518518518519
0 0.5824114583333333 0.3335 0.02404166666666659 0.04529629629629626
0 0.8725572916666666 0.39105555555555555 0.05319270833333339 0.10742592592592591
1 0.91015625 0.4704907407407407 0.0792239583333334 0.12478703703703702
0 0.892578125 0.36327777777777776 0.03933854166666677 0.07899074074074079
0 0.9379895833333334 0.3819444444444444 0.04885937499999997 0.10839814814814809
0 0.7543958333333334 0.5473055555555556 0.0892968749999999 0.17068518518518516
0 0.603515625 0.5286481481481482 0.0912499999999999 0.1459444444444444
1 0.4514166666666667 0.43034259259259255 0.04336458333333333 0.08414814814814814
0 0.15979166666666667 0.5798611111111112 0.06097395833333334 0.12337037037037038
0 0.7514635416666666 0.37934259259259256 0.04742187500000009 0.11555555555555551
1 0.525390625 0.38520370370370366 0.03289583333333332 0.06825000000000003
1 0.3374010416666666 0.5013055555555556 0.04620312500000002 0.10980555555555553
0 0.796875 0.45746296296296296 0.07965104166666657 0.12814814814814812
0 0.505859375 0.440537037037037 0.03854166666666667 0.09320370370370373
1 0.826171875 0.3433148148148148 0.04208333333333343 0.07709259259259259
0 0.7646510416666668 0.3229166666666667 0.029921874999999907 0.06722222222222224
0 0.650390625 0.3259537037037037 0.03283854166666676 0.059731481481481476
0 0.23801041666666667 0.6051481481481481 0.09038541666666665 0.14475925925925917