1 0.174560546875 0.5902777777777778 0.0633544921875 0.13563368055555555
0 0.33447265625 0.5021701388888888 0.05511474609375 0.11002604166666667
1 0.50146484375 0.4479166666666667 0.040679931640625 0.09510633680555555
1 0.8187012290687565 0.33301974709405346 0.04362194055938768 0.06599250726543544
0 0.87939453125 0.3821614583333333 0.06256103515625 0.11143663194444445
1 0.93701171875 0.3828125 0.049957275390625 0.10899522569444445
1 0.52734375 0.3938802083333333 0.039276123046875 0.0827365451388889
0 0.794921875 0.44921875 0.07305908203125 0.13780381944444445
0 0.6015625 0.5308159722222222 0.0894775390625 0.1423611111111111
1 0.90087890625 0.4652777777777778 0.07977294921875 0.1277126736111111
0 0.24365234375 0.6610243055555556 0.07891845703125 0.2562934027777778
1 0.74560546875 0.5412326388888888 0.1026611328125 0.17371961805555555
0 0.7041015625 0.4398871527777778 0.07501220703125 0.1391059027777778
1 0.58544921875 0.4038628472222222 0.04876708984375 0.1042751736111111
0 0.6513671875 0.3274739583333333 0.0301055908203125 0.06190321180555555
0 0.7001953125 0.3279079861111111 0.042816162109375 0.06141493055555555
0 0.76318359375 0.3253038194444444 0.0469970703125 0.0710177951388889
0 0.63671875 0.3615451388888889 0.04345703125 0.0798611111111111
0 0.390869140625 0.5060763888888888 0.04840087890625 0.11165364583333333