0 0.9392395833333332 0.3683240740740741 0.045598958333333425 0.07535185185185185
0 0.8956979166666666 0.3576851851851852 0.038859375000000064 0.06557407407407412
0 0.7527239583333334 0.3753518518518518 0.052468749999999884 0.09912037037037033
0 0.9091822916666668 0.4704907407407407 0.07891666666666666 0.12207407407407406
1 0.749421875 0.5398518518518518 0.09844791666666666 0.1740462962962963
0 0.6435572916666668 0.36000925925925925 0.042234375000000074 0.06955555555555556
0 0.5855729166666667 0.40132407407407406 0.05951041666666678 0.09344444444444441
0 0.7971874999999999 0.4335092592592592 0.05984895833333326 0.09717592592592592
0 0.8270729166666667 0.33266666666666667 0.04356770833333338 0.06861111111111114
0 0.8622239583333333 0.3898981481481481 0.03543749999999998 0.09860185185185186
0 0.76678125 0.3167685185185185 0.03180208333333331 0.04774074074074069
0 0.7048541666666667 0.44460185185185186 0.06230208333333328 0.1169814814814815
0 0.6566041666666667 0.3135092592592592 0.03236979166666672 0.04566666666666671
0 0.5747083333333334 0.34933333333333333 0.04519791666666677 0.04698148148148149
0 0.13435416666666666 0.5744722222222222 0.08482291666666668 0.12421296296296305
0 0.2350729166666667 0.6039444444444444 0.08868229166666669 0.16948148148148146
1 0.496765625 0.4440092592592592 0.048812500000000016 0.0992592592592593
0 0.33293229166666666 0.4892222222222222 0.050234375000000026 0.10899074074074078
1 0.5244166666666666 0.3808796296296296 0.05526562499999995 0.04939814814814817
1 0.7978541666666668 0.3727037037037037 0.03469791666666661 0.04847222222222224
0 0.44285416666666666 0.43030555555555555 0.04462500000000003 0.0970833333333333
0 0.384234375 0.506462962962963 0.05447916666666662 0.1245648148148148
0 0.5961927083333334 0.5390648148148148 0.09997395833333324 0.13194444444444445