1 0.2303466796875 0.5746527777777778 0.083740234375 0.1372612847222222
0 0.04248046875 0.6844618055555556 0.08331298828125 0.17220052083333334
1 0.8043337121088816 0.49118133732169206 0.07517046640723635 0.08490173714338406
0 0.8920044687587658 0.5024698721467745 0.06953139845503173 0.10357255679354896
0 0.7993564375095626 0.5925040346774132 0.08595652736287533 0.1536421042562847
0 0.9623409687426289 0.5261138426688382 0.061463082045992226 0.13632056728212077
0 0.6403448437559767 0.4542026112903472 0.051921396472421756 0.09254150730291649
0 0.578125 0.66796875 0.09722900390625 0.1713324652777778
0 0.126220703125 0.7486979166666666 0.10247802734375 0.18348524305555555
1 0.7548828125 0.4112413194444444 0.0391845703125 0.0849609375
0 0.55712890625 0.4487847222222222 0.0482177734375 0.09098307291666667
0 0.6806640625 0.5590277777777778 0.08154296875 0.1518012152777778
0 0.70361328125 0.4157986111111111 0.04052734375 0.07373046875
0 0.6269034328144725 0.405137309131005 0.043937480863320034 0.06401810784534345
0 0.53662109375 0.5013020833333334 0.045257568359375 0.09581163194444445
1 0.30908203125 0.6037326388888888 0.06744384765625 0.154296875
0 0.355712890625 0.5190972222222222 0.06744384765625 0.11284722222222222
1 0.4825621716681468 0.48097900591429393 0.05056950293958273 0.10693889829691774
0 0.73779296875 0.4574652777777778 0.06695556640625 0.1743706597222222