0 0.34097656249999997 0.5129583333333333 0.06795312500000002 0.11161111111111113
1 0.5386484375 0.49837499999999996 0.053773437499999945 0.10211111111111108
1 0.6010859375 0.640625 0.10965624999999993 0.19831944444444438
1 0.47803125 0.4843194444444444 0.06149218750000003 0.09397222222222218
1 0.6930703125 0.5567361111111111 0.0929765625 0.14548611111111112
1 0.8969765625000001 0.6026944444444444 0.07945312499999986 0.1415555555555555
0 0.12061718749999999 0.750263888888889 0.10788281250000002 0.19393055555555563
1 0.7875703125 0.5000416666666666 0.060484374999999965 0.12124999999999994
1 0.9616796875 0.7120694444444445 0.07247656249999998 0.22623611111111103
0 0.644203125 0.45759722222222227 0.048273437499999974 0.08797222222222227
1 0.8053984375000001 0.5860555555555556 0.08373437499999996 0.1470833333333333
0 0.5630703125000001 0.44104166666666667 0.04825781249999998 0.08491666666666665
0 0.21319531249999998 0.5787083333333334 0.07765624999999998 0.1275555555555556
0 0.033125 0.6890694444444444 0.0652734375 0.16848611111111103
1 0.9014218749999999 0.44893055555555555 0.057007812499999845 0.08856944444444442
0 0.6836484375 0.41512499999999997 0.03660156249999993 0.07194444444444438
1 0.6325546875 0.4009166666666667 0.03177343750000006 0.07777777777777778
0 0.296875 0.604625 0.08228906250000004 0.15740277777777784
0 0.9658203125 0.5273472222222222 0.05728125000000013 0.1415972222222223
0 0.8842656249999999 0.4845833333333333 0.06214062499999997 0.08981944444444438
1 0.7473984375 0.38333333333333336 0.032289062499999945 0.03333333333333333