1 0.1237734375 0.7404583333333333 0.10389062500000001 0.16625000000000006
1 0.3010234375 0.6076388888888888 0.06994531249999998 0.14258333333333328
1 0.3688125 0.5186527777777777 0.06421093749999995 0.12358333333333336
1 0.5493203125 0.500875 0.05358593749999994 0.0926666666666667
1 0.7451875 0.43668055555555557 0.04777343750000007 0.1316111111111111
1 0.7087421875000001 0.5494444444444445 0.07666406250000009 0.15763888888888888
1 0.8061562500000001 0.5837638888888889 0.08617968749999996 0.16276388888888882
1 0.5631953125 0.32837500000000003 0.028843750000000057 0.08006944444444442
0 0.9643437499999999 0.5202083333333334 0.054953125000000116 0.13450000000000004
1 0.9067812500000001 0.5778888888888889 0.08767968750000002 0.12105555555555551
0 0.81275 0.48727777777777775 0.05750781250000001 0.08772222222222217
0 0.4788203125 0.48363888888888895 0.05270312500000003 0.09580555555555557
1 0.9269453125 0.7191944444444445 0.09978124999999985 0.2553888888888888
0 0.21838281249999997 0.5846388888888889 0.08557031249999998 0.13009722222222217
0 0.0434609375 0.6875 0.0849609375 0.1746944444444444
0 0.880859375 0.5160555555555556 0.0647578124999999 0.11902777777777784
1 0.5981484375 0.6454027777777778 0.09704687500000002 0.19845833333333332
0 0.7021484375 0.4145 0.039640625000000006 0.07622222222222222
1 0.6254921875 0.39691666666666664 0.03582812499999992 0.057291666666666664
0 0.6391640625 0.45529166666666665 0.044859375000000055 0.09163888888888891
1 0.5783671874999999 0.3916944444444444 0.04541406250000009 0.1306111111111111