0 0.12288921407980571 0.7386101100961237 0.10016883746538859 0.17969417852558062
1 0.5952223461232714 0.6475585738078273 0.09260533677779285 0.1736978767823214
1 0.9154480726755914 0.5784115571111609 0.09970688199256657 0.13994985793708722
1 0.9165611227488863 0.6900788867089149 0.09839630918972694 0.23497548175116315
1 0.6967029988337238 0.4149596287808896 0.05282202967630205 0.15956335478400138
1 0.7441753343790719 0.438780342060099 0.049826821476231055 0.14166658689797582
0 0.6279296875 0.40234375 0.037689208984375 0.06635199652777778
0 0.54052734375 0.5008680555555556 0.046295166015625 0.09814453125
0 0.6390907374918561 0.45438962588592624 0.04542692345378789 0.075703402324346
0 0.8260182590093155 0.5027976062942964 0.03821006401261897 0.11789990008859266
1 0.8952376398406962 0.5050765788408893 0.06284047264607011 0.06954908599111194
0 0.0421295166015625 0.6844618055555556 0.084259033203125 0.17100694444444445
1 0.22119140625 0.5828993055555556 0.08331298828125 0.1291232638888889
0 0.9638671875 0.5329861111111112 0.058013916015625 0.13313802083333334
0 0.80126953125 0.5759548611111112 0.092529296875 0.17252604166666666
0 0.364990234375 0.5199652777777778 0.06890869140625 0.11284722222222222
0 0.70458984375 0.5629340277777778 0.076416015625 0.1564670138888889
1 0.307861328125 0.6150173611111112 0.06610107421875 0.1300998263888889
0 0.475341796875 0.4869791666666667 0.053985595703125 0.09478081597222222