1 0.3533984375 0.5201944444444445 0.0792109375 0.13122222222222224
0 0.53278125 0.5026527777777778 0.06549999999999993 0.1106666666666666
0 0.585921875 0.6615972222222223 0.11369531249999998 0.20002777777777775
1 0.473984375 0.48951388888888886 0.06733593750000004 0.09130555555555557
1 0.902140625 0.6059027777777778 0.08665625000000006 0.1730972222222222
1 0.7786796875 0.4938611111111111 0.07660937499999995 0.1056805555555556
1 0.9489218749999999 0.7153055555555555 0.09610937499999998 0.203125
0 0.6374609375 0.46263888888888893 0.05641406250000003 0.09191666666666676
0 0.8066171875 0.5799583333333334 0.09971093750000008 0.16161111111111112
0 0.5630703125000001 0.44104166666666667 0.04825781249999998 0.08491666666666665
0 0.0357265625 0.6825833333333333 0.070484375 0.18144444444444444
0 0.9142734375 0.46201388888888884 0.04007031249999997 0.10424999999999993
1 0.6822812500000001 0.413625 0.046218750000000065 0.07698611111111105
0 0.8842656249999999 0.4845833333333333 0.06214062499999997 0.08981944444444438
1 0.746546875 0.3830972222222222 0.037453125000000045 0.032569444444444505
1 0.11783593750000002 0.7556388888888889 0.1238671875 0.20280555555555552
1 0.2309453125 0.5802499999999999 0.08912500000000001 0.15205555555555558
0 0.291421875 0.6077361111111111 0.08590625000000003 0.14762499999999995
1 0.625515625 0.40222222222222226 0.05525000000000002 0.07772222222222228
0 0.69634375 0.5519027777777777 0.07679687499999996 0.17147222222222228
0 0.9663125000000001 0.5308194444444444 0.05420312500000009 0.14008333333333337