1 0.11993408203125 0.7391493055555556 0.1048583984375 0.19639756944444445
0 0.6318934114087094 0.40439563313852067 0.05577901031741881 0.059713575304819244
0 0.68408203125 0.4134114583333333 0.0394287109375 0.07508680555555555
1 0.5590246279052992 0.4310418235404067 0.04456292768559837 0.06759579985859115
0 0.6484949739087094 0.45771074255517297 0.04041239593258119 0.08697096427701262
1 0.7441981694727181 0.4405514394278227 0.04785854386706383 0.13457510107786766
0 0.7138671875 0.5607638888888888 0.07366943359375 0.16015625
0 0.962890625 0.5173611111111112 0.063232421875 0.1279296875
1 0.7948356994189403 0.4918450775162105 0.06220557852538029 0.08666324531019869
1 0.839298030123295 0.4077889646972897 0.07282213446533987 0.09216213078346808
1 0.876953125 0.4947916666666667 0.06890869140625 0.08832465277777778
1 0.9402430031427074 0.7186573340003252 0.08203840777708535 0.21036328338823865
0 0.9018123280364637 0.5915784305422047 0.08639334192008725 0.1196550786969357
1 0.802720041804827 0.5879580711122016 0.09268003357784602 0.14884514249781944
0 0.300048828125 0.6111111111111112 0.07275390625 0.1499565972222222
0 0.57177734375 0.6875 0.10650634765625 0.15266927083333334
0 0.2138671875 0.5850694444444444 0.0810546875 0.13151041666666666
0 0.03753662109375 0.6822916666666666 0.0738525390625 0.17469618055555555
0 0.9140625 0.46484375 0.062103271484375 0.10167100694444445
0 0.44140625 0.53125 0.051544189453125 0.13368055555555555
0 0.479248046875 0.4900173611111111 0.046905517578125 0.09185112847222222
1 0.37109375 0.5234375 0.05450439453125 0.11002604166666667
0 0.53857421875 0.5069444444444444 0.04681396484375 0.09217664930555555