1 0.7436817007180156 0.4389105963451445 0.050112184501468704 0.14084202602362236
1 0.68994140625 0.5590277777777778 0.07977294921875 0.1515842013888889
1 0.7817569423630444 0.5845636870610171 0.09195626753858877 0.16398894532241
1 0.9528907670016595 0.7135394713918495 0.08872530193418057 0.23155820999407853
0 0.9245395993865724 0.5957905917322448 0.0663169291628229 0.1501051873889079
0 0.64111328125 0.4618055555555556 0.0457763671875 0.09016927083333333
0 0.6365347671542546 0.39849519560975294 0.05079317214903707 0.053912194015014195
1 0.607421875 0.6540798611111112 0.08599853515625 0.20616319444444445
0 0.2197265625 0.5911458333333334 0.08062744140625 0.13932291666666666
1 0.810546875 0.5056423611111112 0.058563232421875 0.11371527777777778
1 0.58056640625 0.3943142361111111 0.054901123046875 0.11924913194444445
0 0.044921875 0.6892361111111112 0.08465576171875 0.1765407986111111
0 0.478759765625 0.4869791666666667 0.056121826171875 0.0974392361111111
0 0.35205078125 0.5234375 0.05706787109375 0.10704210069444445
1 0.884765625 0.5138888888888888 0.064208984375 0.12662760416666666
0 0.306884765625 0.6098090277777778 0.06500244140625 0.13585069444444445
1 0.5634765625 0.4461805555555556 0.044769287109375 0.0803493923611111
0 0.54150390625 0.5013020833333334 0.0469970703125 0.09407552083333333
1 0.970703125 0.5047743055555556 0.04620361328125 0.0925021701388889
0 0.70263671875 0.4155815972222222 0.038238525390625 0.0807834201388889
0 0.12066650390625 0.7439236111111112 0.1063232421875 0.19813368055555555