0 0.3583984375 0.5138888888888888 0.06646728515625 0.11664496527777778
0 0.6448056724515814 0.4583039593362072 0.04287672576253794 0.0970549672835255
0 0.70458984375 0.4149305555555556 0.042083740234375 0.07796223958333333
1 0.7431796926094271 0.431606070993385 0.050933095249895824 0.12710103087565916
0 0.778416404059936 0.4796980599436037 0.051804921087009334 0.07424299831461888
0 0.7986128856470852 0.5831915749944794 0.09242772304317973 0.16358646806659638
1 0.63623046875 0.67578125 0.11102294921875 0.1831597222222222
1 0.9076733839166182 0.44655893044532485 0.04071543408133316 0.07693720528323429
0 0.5393979355216552 0.506038331699912 0.04537912299643523 0.10794254881649058
1 0.12646484375 0.7504340277777778 0.10247802734375 0.1870659722222222
0 0.21240234375 0.5868055555555556 0.082275390625 0.12098524305555555
0 0.2998046875 0.6098090277777778 0.07574462890625 0.1494140625
0 0.479248046875 0.4913194444444444 0.05560302734375 0.0968967013888889
0 0.56298828125 0.4448784722222222 0.047332763671875 0.08588324652777778
0 0.0413665771484375 0.6870659722222222 0.082733154296875 0.17469618055555555
1 0.68994140625 0.5516493055555556 0.06732177734375 0.14756944444444445
0 0.87841796875 0.4934895833333333 0.05706787109375 0.083984375
0 0.6220703125 0.4034288194444444 0.039276123046875 0.060601128472222224
1 0.9365234375 0.734375 0.09930419921875 0.2506510416666667
0 0.96533203125 0.5247395833333334 0.057708740234375 0.14029947916666666