0 0.3547578125 0.5204166666666666 0.08093750000000002 0.10616666666666659
0 0.53278125 0.5026527777777778 0.06549999999999993 0.1106666666666666
0 0.5838359375 0.6738333333333334 0.12307031249999997 0.18520833333333336
0 0.471515625 0.48951388888888886 0.06239062499999992 0.09130555555555557
0 0.69634375 0.5595972222222223 0.08125 0.1560972222222222
0 0.902390625 0.6118333333333333 0.08319531249999983 0.15244444444444444
1 0.7712656250000001 0.5061666666666667 0.06227343750000003 0.11006944444444444
1 0.9345156250000001 0.7153055555555555 0.12492187500000007 0.203125
0 0.6405546875 0.4617638888888889 0.05764843749999997 0.0963055555555556
1 0.83084375 0.5850138888888888 0.07845312500000005 0.1435972222222222
0 0.5630703125000001 0.44104166666666667 0.04825781249999998 0.08491666666666665
1 0.230734375 0.6020694444444444 0.09050000000000002 0.10018055555555555
0 0.0357265625 0.6825833333333333 0.070484375 0.18144444444444444
0 0.8993203125000001 0.44465277777777773 0.04377343750000016 0.07038888888888882
0 0.6804296875 0.41472222222222227 0.04399218749999996 0.06951388888888882
0 0.6229218750000001 0.4004583333333333 0.051046874999999936 0.07684722222222228
0 0.291421875 0.6077361111111111 0.08590625000000003 0.14762499999999995
0 0.8842656249999999 0.4845833333333333 0.06214062499999997 0.08981944444444438
1 0.7344375000000001 0.4195694444444444 0.06167968750000004 0.1055277777777778
1 0.112625 0.7547083333333333 0.1238671875 0.20280555555555552