0 0.8906484375 0.444875 0.06965624999999989 0.0625
0 0.648328125 0.46144444444444443 0.0376953125 0.10074999999999995
1 0.74425 0.42604166666666665 0.04317968749999999 0.10572222222222223
0 0.627765625 0.4023888888888889 0.03921875000000004 0.05840277777777771
0 0.779390625 0.4791527777777778 0.05032031250000006 0.0823333333333333
0 0.591234375 0.6745138888888889 0.11084375000000009 0.1847916666666666
0 0.704265625 0.41170833333333334 0.03467187500000009 0.08636111111111104
0 0.3596171875 0.5169305555555556 0.058015624999999994 0.11708333333333328
0 0.2216796875 0.5829027777777778 0.07892187499999999 0.1277083333333334
0 0.297609375 0.6106805555555556 0.07501562499999999 0.15375000000000005
0 0.560546875 0.44879166666666664 0.04543750000000006 0.08913888888888898
0 0.542484375 0.5026111111111111 0.04568750000000001 0.0974444444444444
0 0.7080078125 0.5646666666666667 0.07782031249999992 0.15701388888888881
0 0.96484375 0.5273472222222222 0.055421875000000044 0.13834722222222223
0 0.043515625 0.6866388888888889 0.08343749999999998 0.1725277777777778
0 0.802734375 0.5829027777777778 0.09857031250000006 0.16330555555555562
1 0.1267109375 0.7530416666666667 0.0999765625 0.1870694444444445
0 0.47680468749999994 0.48827777777777776 0.05340624999999992 0.09923611111111118
0 0.8754921875000001 0.5021666666666667 0.05331249999999983 0.08415277777777783
1 0.954109375 0.734375 0.07018750000000011 0.2298194444444445