0 0.3579140625 0.5190972222222222 0.06781249999999997 0.1254305555555555
1 0.5588671875 0.43801388888888887 0.03852343749999996 0.07241666666666664
1 0.6352421875 0.3976944444444444 0.04846874999999997 0.05824999999999992
1 0.703125 0.4149305555555556 0.04202343749999997 0.07188888888888888
0 0.6923828125 0.5690138888888889 0.08819531250000008 0.14258333333333328
1 0.7487890625 0.4396805555555555 0.04599218749999991 0.1399027777777778
0 0.8065 0.4877916666666666 0.06803124999999995 0.0731944444444445
1 0.9069765625 0.5710138888888889 0.08339062499999983 0.10537500000000001
0 0.890796875 0.49295833333333333 0.06985937500000006 0.08209722222222224
0 0.8044765625 0.5850138888888888 0.09003124999999992 0.16547222222222221
0 0.224375 0.5814583333333333 0.050124999999999975 0.12751388888888882
1 0.9180781250000001 0.75175 0.12307031250000015 0.28344444444444444
0 0.0429375 0.6857638888888888 0.085875 0.1725277777777778
0 0.5415078125 0.49956944444444445 0.04714843749999993 0.09923611111111118
0 0.9619140625 0.5186666666666666 0.0647578124999999 0.1423611111111111
0 0.57959375 0.6701388888888888 0.09912499999999991 0.1847916666666666
0 0.47632031250000006 0.48741666666666666 0.05185156249999991 0.09998611111111112
1 0.28246875 0.6111111111111112 0.07782031250000002 0.1410555555555555
1 0.125734375 0.7447916666666666 0.10210937499999999 0.1864166666666667
0 0.64209375 0.4826388888888889 0.04895312500000006 0.14779166666666663