1 0.73446875 0.42662500000000003 0.06324218750000003 0.1119305555555556
0 0.03365625 0.6888611111111111 0.0665859375 0.1847916666666666
1 0.2172890625 0.5847916666666667 0.11169531250000002 0.11466666666666675
0 0.4766484375 0.4891805555555555 0.06271093749999998 0.10547222222222213
0 0.6800234374999999 0.41326388888888893 0.04247656249999991 0.07298611111111104
0 0.35903125 0.516375 0.06675781250000004 0.12372222222222228
0 0.5365546875 0.5043472222222222 0.06183593750000007 0.10622222222222225
1 0.6219140624999999 0.40841666666666665 0.0490234375 0.0680277777777778
0 0.6403984375 0.4629166666666667 0.057679687499999945 0.0872916666666667
0 0.5838203125 0.6682638888888889 0.11400781250000006 0.18087500000000004
1 0.9498203125 0.7205694444444444 0.08803124999999987 0.20550000000000004
0 0.9056015625 0.6084444444444445 0.08948437499999998 0.15515277777777783
1 0.8243984375 0.5895277777777778 0.08368749999999991 0.1535694444444445
1 0.116046875 0.7540555555555555 0.126421875 0.20262500000000006
0 0.298828125 0.6063055555555555 0.07599218749999999 0.14816666666666659
1 0.77228125 0.5061944444444444 0.060789062499999956 0.11190277777777785
0 0.8850390625 0.4874444444444444 0.05276562499999997 0.08354166666666664
1 0.906828125 0.4459166666666667 0.03439062499999999 0.07699999999999992
0 0.7005 0.5541805555555556 0.07849218750000002 0.16659722222222229
0 0.5600859375 0.4373194444444444 0.0548828125 0.09827777777777777