0 0.11737060546875 0.75 0.10797119140625 0.19368489583333334
0 0.2203369140625 0.5889756944444444 0.08477783203125 0.13975694444444445
1 0.80517578125 0.5985243055555556 0.09136962890625 0.15397135416666666
1 0.9153278480779596 0.5882417185596059 0.06783831334341954 0.14859715239698976
1 0.9311303815035525 0.6942127435569925 0.11173826043039484 0.2096060426695406
1 0.7435000791205828 0.4357760239459223 0.05422908980570913 0.12665187428073385
0 0.9658465141109748 0.5240132861166316 0.05509286044992514 0.14177657223326307
1 0.7997889438191255 0.49379398782929085 0.08096216498200129 0.09056106593635951
1 0.64208984375 0.4544270833333333 0.041778564453125 0.09830729166666667
1 0.5832755686463116 0.37360622968727836 0.05825362710202757 0.10144439472038486
1 0.5663799348175779 0.4434764061865353 0.04292982763046922 0.08172277765084854
1 0.6266328520602913 0.39690304544150445 0.035827959979958024 0.050696281855231166
0 0.884765625 0.5104166666666666 0.06524658203125 0.1220703125
0 0.7001953125 0.5677083333333334 0.08758544921875 0.14832899305555555
0 0.042877197265625 0.6883680555555556 0.08270263671875 0.17371961805555555
0 0.3037109375 0.6037326388888888 0.06585693359375 0.1284722222222222
0 0.361572265625 0.5173611111111112 0.06768798828125 0.12315538194444445
0 0.5517578125 0.4965277777777778 0.054901123046875 0.10167100694444445
0 0.701171875 0.4164496527777778 0.0411376953125 0.0807834201388889
0 0.476806640625 0.4891493055555556 0.05633544921875 0.0959743923611111
1 0.57568359375 0.6558159722222222 0.085693359375 0.1978081597222222