0 0.30078125 0.6032986111111112 0.06268310546875 0.13075086805555555
1 0.361083984375 0.5143229166666666 0.0535888671875 0.12250434027777778
0 0.1243896484375 0.7326324526291282 0.09753417968749999 0.17305570386936742
1 0.5865159058138262 0.3913456200620806 0.04248332509109787 0.11439696929082793
0 0.638252230880825 0.45954430432107574 0.0508881163633502 0.08613504961437365
0 0.630757254270127 0.3970492808659586 0.04695717114724616 0.055220523537472525
1 0.7396110911655999 0.44154878975250794 0.05794822782505023 0.14839705867168235
0 0.8125 0.5065104166666666 0.06561279296875 0.11903211805555555
1 0.9516571627482348 0.7150481917339494 0.08496692450353045 0.2280564529123429
0 0.95556640625 0.5260416666666666 0.0762939453125 0.14051649305555555
1 0.9052734375 0.5972222222222222 0.09136962890625 0.1633029513888889
0 0.219970703125 0.5850694444444444 0.07891845703125 0.13313802083333334
0 0.8798828125 0.5143229166666666 0.07366943359375 0.1164279513888889
0 0.4775390625 0.4900173611111111 0.05511474609375 0.0930447048611111
0 0.044342041015625 0.6892361111111112 0.08465576171875 0.17371961805555555
1 0.69384765625 0.5638020833333334 0.077392578125 0.14290364583333334
1 0.6259765625 0.6419270833333334 0.07574462890625 0.205078125
1 0.552734375 0.4539930555555556 0.054107666015625 0.09185112847222222
1 0.78515625 0.5828993055555556 0.10174560546875 0.1694878472222222
0 0.7001953125 0.4123263888888889 0.03753662109375 0.07139756944444445