1 0.3522734375 0.5214583333333334 0.07102343749999998 0.10858333333333327
0 0.296390625 0.6053055555555555 0.0654296875 0.14463888888888887
0 0.2248515625 0.5876805555555555 0.08123437500000001 0.13465277777777784
0 0.5396640625 0.5024722222222222 0.042906250000000055 0.09218055555555556
0 0.041578125 0.6857638888888888 0.08315625 0.1706805555555556
0 0.48089062499999996 0.48568055555555556 0.05645312499999999 0.10480555555555561
1 0.6756796875 0.700625 0.08841406250000006 0.165
1 0.9483984375000001 0.7287916666666667 0.06033593750000001 0.18520833333333328
0 0.884625 0.5008888888888888 0.04988281249999993 0.08838888888888886
0 0.958984375 0.5251805555555555 0.06622656249999999 0.13834722222222223
0 0.9223671875000001 0.6002638888888889 0.0803828124999999 0.1573333333333333
0 0.7032265625 0.410125 0.04140625 0.07483333333333332
0 0.6267968749999999 0.402875 0.040023437500000016 0.07783333333333328
0 0.56984375 0.44598611111111114 0.04186718749999994 0.08854166666666667
1 0.1173828125 0.7336250000000001 0.083640625 0.16837500000000002
0 0.7019062500000001 0.5590138888888889 0.06743749999999996 0.1462638888888888
1 0.74540625 0.427125 0.038765624999999915 0.1120833333333334