0 0.6294805431679421 0.39861877132502616 0.05366098397661556 0.0504384975111634
1 0.8049305853752298 0.47870906284718967 0.06994839956204055 0.05941465347215708
0 0.5601790811878444 0.43776312147183055 0.040347404030560696 0.07960989503632984
1 0.3231461715683125 0.6211539447868936 0.08973060608212506 0.20910476457378704
0 0.04193115234375 0.6831597222222222 0.0836181640625 0.1694878472222222
0 0.35791015625 0.5208333333333334 0.06549072265625 0.11263020833333333
1 0.2271728515625 0.5776909722222222 0.08154296875 0.14463975694444445
0 0.8857421875 0.5130208333333334 0.070556640625 0.1218532986111111
0 0.80224609375 0.5815972222222222 0.086181640625 0.1630859375
0 0.9619140625 0.5208333333333334 0.06304931640625 0.11773003472222222
0 0.57275390625 0.6805555555555556 0.0965576171875 0.1557074652777778
0 0.54248046875 0.5004340277777778 0.047515869140625 0.10199652777777778
1 0.75439453125 0.4192708333333333 0.040313720703125 0.09526909722222222
0 0.69873046875 0.5490451388888888 0.09588623046875 0.16590711805555555
0 0.4755859375 0.4930555555555556 0.055816650390625 0.09906684027777778
0 0.12445068359375 0.7478298611111112 0.10614013671875 0.18348524305555555
0 0.64208984375 0.4678819444444444 0.044677734375 0.09185112847222222
0 0.7021484375 0.4392361111111111 0.042327880859375 0.11555989583333333