0 0.6999765625000001 0.5485555555555556 0.06403906250000002 0.10341666666666671
0 0.64665625 0.4583333333333333 0.04196093750000003 0.0920138888888889
1 0.74328125 0.43151388888888886 0.04185156249999995 0.12831944444444443
0 0.7047734375 0.40944444444444444 0.03756249999999994 0.0653194444444444
0 0.628734375 0.3976527777777778 0.03303906249999997 0.051611111111111066
0 0.9194375000000001 0.596875 0.07140625000000007 0.1353055555555555
1 0.8068515625 0.637125 0.1047968749999999 0.31223611111111105
1 0.8957421875 0.45 0.0731562499999999 0.07497222222222225
0 0.8852656250000001 0.5042222222222222 0.06405468749999983 0.09458333333333337
0 0.6818671875 0.692763888888889 0.09448437500000004 0.19705555555555554
0 0.47875781249999994 0.48741666666666666 0.05300781249999993 0.09884722222222217
0 0.9585000000000001 0.523 0.0690312500000001 0.1360694444444445
1 0.1259765625 0.7552083333333334 0.10339062500000003 0.1991111111111112
0 0.359375 0.5186666666666666 0.06853906250000001 0.1130694444444444
0 0.2993203125 0.6085138888888889 0.07018750000000003 0.14463888888888887
0 0.222171875 0.5894166666666667 0.07653906250000002 0.1222916666666666
0 0.5625 0.44834722222222223 0.04525781250000005 0.08913888888888882
0 0.043609375 0.6870694444444444 0.082703125 0.17133333333333337
0 0.54296875 0.5060833333333333 0.04724218750000002 0.09526388888888894
1 0.939453125 0.7261249999999999 0.0950312499999999 0.2315555555555556