1 0.13022201063613054 0.7419310112061788 0.10454621310273896 0.14510334185680204
0 0.04182310113827216 0.6813429774127979 0.08163204212029432 0.15663126732559585
0 0.79736328125 0.5785590277777778 0.09893798828125 0.15397135416666666
1 0.7301460058956355 0.399823594342986 0.040531962818104006 0.14752045257486074
0 0.9015332815663971 0.5477806112229779 0.08504898500779383 0.06507077105706698
1 0.2315673828125 0.5811631944444444 0.06475830078125 0.13151041666666666
0 0.70654296875 0.5473090277777778 0.06610107421875 0.16861979166666666
0 0.35693359375 0.5164930555555556 0.063232421875 0.10606553819444445
0 0.9609375 0.5164930555555556 0.06671142578125 0.1343315972222222
1 0.916015625 0.6987847222222222 0.11962890625 0.2554253472222222
0 0.481201171875 0.4822048611111111 0.05572509765625 0.09977213541666667
1 0.62841796875 0.4027777777777778 0.04840087890625 0.07796223958333333
1 0.88427734375 0.4917534722222222 0.06915283203125 0.10313585069444445
1 0.8203125 0.4986979166666667 0.07861328125 0.1183810763888889
1 0.315185546875 0.6076388888888888 0.06671142578125 0.1570095486111111
1 0.69287109375 0.4079861111111111 0.042877197265625 0.078125
0 0.560546875 0.5043402777777778 0.035736083984375 0.08946397569444445
1 0.57666015625 0.3893229166666667 0.056640625 0.14811197916666666