0 0.121337890625 0.737298740955656 0.08056640625 0.1620974819113118
1 0.324462890625 0.6037326388888888 0.08282470703125 0.1596137152777778
0 0.361328125 0.515625 0.05877685546875 0.1142578125
0 0.63818359375 0.4600694444444444 0.047149658203125 0.08685980902777778
1 0.6328125 0.4038628472222222 0.034423828125 0.04031032986111111
1 0.6182743116218429 0.6408794333883451 0.06987866912679301 0.19910835379990285
0 0.7036538491826121 0.5523255682917725 0.0851641436777241 0.15077421063867733
1 0.8050579689512662 0.5875238074438686 0.08177859334746743 0.19002157322107047
0 0.9163159929954882 0.5578096727486366 0.07929428354027372 0.10650476216393988
0 0.8759986323188919 0.5164930555555556 0.053999217762783755 0.1203342013888889
1 0.2486572265625 0.5842013888888888 0.0880126953125 0.1457248263888889
1 0.9194556635688919 0.6960931121328906 0.09722900390625 0.1771918402777777
0 0.811720599811372 0.4778688098268355 0.058504601158505934 0.07010393909811559
0 0.7431088879527703 0.4232784532036377 0.052844724094459214 0.10805864251838655
0 0.962890625 0.5303819444444444 0.061431884765625 0.14290364583333334
0 0.04400634765625 0.6866319444444444 0.08587646484375 0.1733940972222222
0 0.9013671875 0.4518229166666667 0.053985595703125 0.107421875
0 0.54248046875 0.5004340277777778 0.04559326171875 0.10015190972222222
1 0.479248046875 0.4809027777777778 0.054901123046875 0.09478081597222222
0 0.701171875 0.4123263888888889 0.04132080078125 0.07259114583333333