1 0.6943707668820193 0.54381445004557 0.06940559626403857 0.1392782056466956
0 0.887267594903163 0.5004772660010777 0.06548977965007588 0.10023838616882207
1 0.7414221347553288 0.4381363546681036 0.04700192189559242 0.1389680218362072
0 0.6499473787245014 0.45767315035857303 0.032197527707247174 0.09384022432825721
0 0.6254818476822142 0.4003201356005268 0.03996516020817822 0.05574009758994265
0 0.5422280085448661 0.4996552215140568 0.04902793790512909 0.0865673134571373
0 0.2213134765625 0.5828993055555556 0.080078125 0.13509114583333334
0 0.958984375 0.5230034722222222 0.06927490234375 0.1408420138888889
0 0.300537109375 0.609375 0.0728759765625 0.15342881944444445
0 0.043212890625 0.6853298611111112 0.0849609375 0.17252604166666666
1 0.91162109375 0.5993923611111112 0.091064453125 0.1750217013888889
0 0.353759765625 0.5225694444444444 0.06744384765625 0.1086154513888889
1 0.125732421875 0.7530381944444444 0.1026611328125 0.1880425347222222
0 0.56201171875 0.44921875 0.047698974609375 0.09065755208333333
1 0.66748046875 0.6953125 0.118408203125 0.1899956597222222
1 0.9384765625 0.7313368055555556 0.09417724609375 0.2212456597222222
0 0.7041015625 0.4344618055555556 0.043701171875 0.1134982638888889
0 0.478271484375 0.4891493055555556 0.0526123046875 0.0974392361111111
0 0.77783203125 0.5651041666666666 0.0970458984375 0.21375868055555555