0 0.4531354166666667 0.5674444444444445 0.03566145833333335 0.0811574074074075
1 0.5701197916666667 0.5631944444444444 0.03639583333333339 0.07170370370370376
1 0.6268177083333334 0.5317037037037037 0.03679687500000005 0.047398148148148196
0 0.6757760416666667 0.5410648148148148 0.03585416666666674 0.057935185185185124
1 0.8014843749999999 0.7322314814814814 0.0946927083333333 0.18006481481481484
1 0.218109375 0.6481944444444444 0.05804166666666669 0.1026203703703703
0 0.3166041666666667 0.60375 0.05633854166666671 0.07419444444444455
1 0.2675572916666667 0.6593981481481481 0.04647395833333334 0.11725925925925935
1 0.7207291666666666 0.6317962962962963 0.05603645833333341 0.14193518518518516
0 0.7327552083333334 0.577 0.022953125000000085 0.04944444444444453
0 0.7842083333333334 0.5970833333333333 0.05781770833333345 0.10158333333333337
0 0.81578125 0.5669814814814815 0.0514739583333333 0.08408333333333329
0 0.5698697916666667 0.5120833333333333 0.02116145833333339 0.03318518518518511
1 0.4897604166666667 0.5761388888888889 0.03842708333333332 0.09575925925925932
0 0.5383177083333333 0.6941481481481481 0.09496354166666662 0.15813888888888886
0 0.6334166666666667 0.6111944444444445 0.05842187500000004 0.11308333333333323
0 0.667984375 0.7051111111111111 0.1109322916666668 0.18299074074074084
0 0.8607135416666666 0.6017037037037037 0.04844791666666666 0.12364814814814812