1 0.45403125 0.5811666666666666 0.0554322916666667 0.10969444444444447
1 0.6229270833333334 0.5348796296296295 0.040572916666666715 0.05422222222222217
0 0.6798593749999999 0.5364074074074074 0.043229166666666666 0.053685185185185204
1 0.28033854166666666 0.6811759259259259 0.08888541666666668 0.1246388888888888
0 0.7800520833333333 0.600712962962963 0.04986458333333322 0.10329629629629625
0 0.8171406250000001 0.5699074074074074 0.04910416666666677 0.09070370370370373
0 0.5672916666666666 0.5639907407407407 0.06147395833333344 0.06639814814814818
1 0.495984375 0.5781574074074074 0.02802083333333331 0.10201851851851858
0 0.5326875 0.6889722222222222 0.09432812500000007 0.14652777777777778
1 0.6562395833333333 0.5974166666666667 0.05297916666666656 0.07634259259259263
0 0.5736302083333332 0.5249814814814815 0.03470312500000006 0.04065740740740748
0 0.6495052083333334 0.7068703703703704 0.09143229166666676 0.17522222222222222
1 0.824546875 0.7403333333333333 0.07236458333333336 0.18587962962962962
0 0.03430208333333333 0.7203240740740741 0.06859895833333333 0.14473148148148143
1 0.20821874999999998 0.6678518518518518 0.056401041666666644 0.1058333333333333
1 0.7311927083333334 0.6410740740740741 0.07018749999999987 0.15127777777777768
0 0.8715677083333334 0.6052592592592592 0.028005208333333323 0.10736111111111116