1 0.44571354166666666 0.5835185185185185 0.04835416666666662 0.11154629629629632
1 0.6259114583333333 0.5378611111111111 0.042822916666666565 0.06040740740740742
1 0.6778697916666666 0.5409166666666667 0.03868229166666666 0.06270370370370373
1 0.21305208333333334 0.6558148148148147 0.07515104166666665 0.12737962962962956
1 0.281796875 0.6678240740740741 0.06417187500000002 0.13222222222222219
1 0.7299583333333334 0.6331111111111111 0.06448437499999997 0.14193518518518516
0 0.7803333333333333 0.5964907407407408 0.05043229166666663 0.09788888888888891
1 0.8199895833333334 0.5631851851851852 0.043932291666666616 0.07775000000000003
0 0.5652083333333333 0.5626203703703704 0.05478124999999991 0.06913888888888896
1 0.49154166666666665 0.5804351851851852 0.04129687499999998 0.10425925925925918
1 0.8771145833333333 0.5624444444444445 0.015203125000000029 0.04543518518518513
0 0.5311770833333334 0.6978425925925925 0.09473437500000005 0.13457407407407398
0 0.6273125 0.6143611111111111 0.051213541666666626 0.11397222222222214
0 0.5690624999999999 0.5212037037037037 0.040546874999999954 0.04091666666666672
1 0.8663541666666668 0.6597777777777777 0.04826041666666659 0.12184259259259252
0 0.03491145833333333 0.7103055555555555 0.06981770833333334 0.1495092592592593
1 0.823609375 0.7363703703703703 0.0664947916666667 0.16974999999999993
0 0.6744218750000001 0.7158611111111111 0.09013020833333343 0.16714814814814813