1 0.624609375 0.5350648148148148 0.040213541666666686 0.05481481481481486
0 0.6771927083333333 0.5394166666666668 0.03868229166666666 0.06450925925925932
0 0.21113020833333335 0.6654074074074074 0.05884895833333334 0.1307407407407408
1 0.27474479166666665 0.6568611111111111 0.06663020833333337 0.11146296296296285
1 0.7312864583333333 0.6322222222222221 0.06713541666666671 0.14014814814814827
0 0.7817708333333333 0.6010648148148148 0.05330208333333341 0.10705555555555567
1 0.8219375 0.5691851851851852 0.047817708333333306 0.08973148148148155
1 0.5701197916666667 0.5626203703703704 0.03550520833333337 0.06913888888888896
1 0.4928177083333333 0.5766388888888889 0.03952604166666672 0.09666666666666675
0 0.8714791666666667 0.5692314814814815 0.02647916666666674 0.051249999999999914
1 0.5519583333333333 0.6956574074074073 0.09178124999999995 0.14213888888888887
0 0.6285416666666667 0.6149722222222221 0.051447916666666774 0.11518518518518527
0 0.568890625 0.52125 0.04126562500000001 0.040999999999999974
1 0.8607343749999999 0.6643240740740741 0.05302083333333343 0.1411111111111112
0 0.6685 0.7046574074074073 0.08410416666666667 0.193462962962963
0 0.03575520833333334 0.7094074074074074 0.07151041666666667 0.15491666666666662
1 0.820078125 0.7388148148148148 0.06311979166666669 0.19396296296296298
1 0.4495260416666667 0.5764722222222223 0.046406249999999954 0.09385185185185176