0 0.448 0.5623611111111111 0.03600000000000006 0.0874814814814815
1 0.4897395833333333 0.5703703703703704 0.038973958333333295 0.08739814814814824
0 0.5681875000000001 0.561425925925926 0.03587500000000006 0.0687685185185185
1 0.6364427083333334 0.5308425925925926 0.031557291666666744 0.0526018518518518
0 0.6745104166666667 0.5360648148148148 0.03332812499999989 0.04793518518518517
1 0.784734375 0.73575 0.07700000000000008 0.1697407407407407
0 0.7840781250000001 0.5939166666666666 0.04405729166666674 0.09477777777777768
1 0.8623489583333334 0.5983888888888889 0.04527083333333337 0.11247222222222225
1 0.816359375 0.5608888888888889 0.04051562499999998 0.061657407407407334
1 0.5595625 0.6852222222222222 0.09870312499999993 0.1400648148148148
0 0.5719375 0.5169537037037036 0.023265625000000036 0.023861111111111093
1 0.6972864583333334 0.6843425925925927 0.09841666666666668 0.17612962962962966
1 0.6437864583333333 0.6215925925925926 0.058437499999999906 0.12983333333333336
0 0.21930729166666665 0.6355925925925926 0.06283333333333332 0.08668518518518509
0 0.3131822916666666 0.6027407407407408 0.048947916666666674 0.07219444444444446
0 0.2719739583333334 0.652 0.03982812500000001 0.11405555555555562