0 0.037395833333333336 0.7108333333333334 0.07155729166666666 0.15663888888888897
0 0.22723437500000002 0.6301203703703704 0.04039583333333337 0.08810185185185193
0 0.4482135416666667 0.5608148148148148 0.03260416666666662 0.09056481481481476
1 0.4856979166666667 0.5753796296296296 0.03992708333333338 0.08622222222222233
0 0.5631354166666667 0.561425925925926 0.05011979166666668 0.0687685185185185
0 0.6386875 0.5308888888888889 0.03317187500000003 0.049425925925926026
0 0.6896614583333334 0.7024722222222222 0.08381770833333325 0.1907314814814815
1 0.8069635416666666 0.7345462962962962 0.09729166666666676 0.17842592592592596
0 0.7881041666666667 0.5939166666666666 0.0521093750000001 0.09477777777777768
1 0.8591614583333332 0.6071481481481482 0.05164583333333326 0.11108333333333335
1 0.528671875 0.6831296296296296 0.09780729166666664 0.13969444444444434
0 0.5698177083333333 0.5214907407407408 0.033338541666666784 0.03293518518518512
1 0.7252239583333334 0.6341018518518519 0.0559479166666667 0.13492592592592595
0 0.6343385416666667 0.6202222222222222 0.04348437499999989 0.12488888888888879
0 0.6766562500000001 0.5403981481481481 0.039531250000000046 0.05723148148148143
1 0.7342395833333334 0.5772407407407407 0.020671875000000027 0.04879629629629634
0 0.8145052083333333 0.554138888888889 0.04374479166666655 0.0764999999999999
1 0.28647395833333333 0.7449722222222224 0.09679166666666665 0.50675