0 0.453953125 0.5687685185185185 0.03223437500000005 0.07849999999999997
1 0.487 0.575425925925926 0.034572916666666724 0.09598148148148156
0 0.5667708333333333 0.5590555555555555 0.05065104166666667 0.07443518518518528
0 0.6249791666666666 0.53125 0.03679687500000005 0.053157407407407486
0 0.6757760416666667 0.5410648148148148 0.03585416666666674 0.057935185185185124
1 0.7785572916666667 0.7363518518518518 0.0776614583333334 0.16884259259259252
1 0.52925 0.6981388888888889 0.09378125000000002 0.13120370370370374
1 0.6720729166666667 0.6981944444444445 0.10864583333333329 0.18592592592592588
0 0.21909375 0.6406944444444445 0.06118229166666668 0.07655555555555561
0 0.3171875 0.6017222222222223 0.06026562500000002 0.07355555555555561
0 0.2726770833333333 0.656537037037037 0.06528645833333331 0.12223148148148147
1 0.859375 0.6048981481481481 0.05282812499999991 0.12287962962962966
1 0.6310625000000001 0.6128518518518519 0.04828124999999991 0.10574074074074079
1 0.72184375 0.6098333333333333 0.059005208333333316 0.09517592592592589
1 0.7354895833333334 0.5815 0.02488541666666677 0.056296296296296254
1 0.8793645833333333 0.5600370370370371 0.011614583333333428 0.0429907407407408
0 0.8177656249999999 0.5672777777777778 0.046484375 0.08875925925925916
1 0.7806354166666666 0.5962685185185186 0.05576041666666664 0.10819444444444436