0 0.13956249999999998 0.5721111111111111 0.09497916666666667 0.12934259259259265
0 0.5947291666666668 0.5386296296296297 0.08868229166666666 0.1341111111111111
1 0.8154322916666668 0.35514814814814816 0.047609374999999926 0.04856481481481486
0 0.9403906249999999 0.363787037037037 0.0449062499999999 0.0757777777777778
0 0.8226927083333333 0.3254444444444445 0.03714062499999997 0.040055555555555546
0 0.3295885416666666 0.4978333333333333 0.0546875 0.10606481481481478
0 0.7270520833333334 0.418462962962963 0.06143229166666657 0.10732407407407404
0 0.8626145833333333 0.36610185185185184 0.03909895833333342 0.06337962962962967
0 0.80271875 0.4371574074074074 0.0632083333333334 0.10424999999999998
0 0.23840104166666667 0.5894537037037038 0.08770833333333335 0.11445370370370361
0 0.751953125 0.5344259259259259 0.08990624999999994 0.15512037037037035
0 0.703125 0.32487037037037036 0.04138020833333324 0.06439814814814811
1 0.5385729166666666 0.3930092592592592 0.04046874999999996 0.07595370370370368
0 0.4504375 0.42556481481481484 0.04385416666666669 0.07975
0 0.3806145833333333 0.5021666666666667 0.051760416666666725 0.08756481481481476
0 0.7631822916666666 0.32378703703703704 0.048765625000000055 0.06488888888888893
0 0.8849635416666667 0.3476944444444444 0.026156249999999895 0.05175925925925924
0 0.5860572916666666 0.39602777777777776 0.056796875000000094 0.09488888888888891
0 0.5776354166666666 0.34378703703703706 0.04183854166666663 0.047111111111111104
1 0.9320677083333333 0.4654074074074074 0.05865104166666673 0.10616666666666669
0 0.64925 0.3176851851851852 0.03500520833333335 0.039944444444444435
1 0.50671875 0.44552777777777786 0.0472291666666667 0.07731481481481486
0 0.6557604166666666 0.36214814814814816 0.03955208333333336 0.06875
0 0.5258802083333334 0.4926203703703703 0.04922395833333339 0.18609259259259261