0 0.6011354166666667 0.5356759259259259 0.09573958333333342 0.1306203703703703
1 0.8188489583333334 0.39410185185185187 0.04559374999999998 0.08447222222222224
1 0.5360221257252699 0.3909570895789103 0.04077083333333338 0.0772592592592593
1 0.4387135416666667 0.43639814814814815 0.041322916666666626 0.06737962962962961
0 0.3869635416666667 0.5151944444444444 0.05127083333333336 0.11881481481481476
0 0.16957291666666666 0.5890555555555556 0.06371875000000002 0.13562962962962966
1 0.5724166666666667 0.3477685185185185 0.03317187500000003 0.039777777777777815
0 0.703125 0.32769444444444445 0.036989583333333326 0.058481481481481454
0 0.5771510416666668 0.3621944444444445 0.04263541666666673 0.06862962962962964
0 0.638671875 0.36327777777777776 0.04434374999999993 0.07470370370370366
0 0.5884902703725605 0.3987616043163966 0.0450402925882121 0.0879861715957562
0 0.8984375 0.4644097222222222 0.0823974609375 0.12955729166666666
0 0.24661503463222215 0.6088915248130208 0.07262686432930575 0.14920666073715277
1 0.5080827064293955 0.4510345776421079 0.047433219953709124 0.11669589139532693
0 0.71728515625 0.4327256944444444 0.0616455078125 0.1410590277777778
0 0.935546875 0.388671875 0.05419921875 0.12055121527777778
0 0.7490234375 0.5321180555555556 0.09967041015625 0.1750217013888889
0 0.7939453125 0.44921875 0.072509765625 0.13704427083333334
0 0.8798828125 0.3604600694444444 0.06781005859375 0.0730251736111111
1 0.82080078125 0.3426649305555556 0.039794921875 0.0866970486111111
0 0.759765625 0.3266059027777778 0.04327392578125 0.06944444444444445
0 0.65625 0.3246527777777778 0.0310821533203125 0.061686197916666664
0 0.95751953125 0.349609375 0.009674072265625 0.06293402777777778
0 0.333251953125 0.4969618055555556 0.05419921875 0.10801866319444445