0 0.24133705264429275 0.6042306980795723 0.08489181268016448 0.1387999378258112
0 0.4457440597249716 0.436414152286912 0.05159659734693183 0.08273498860160174
0 0.5798187890169554 0.35091064249065773 0.043487675690160425 0.05946017387020432
0 0.8788652239375898 0.38102262391100294 0.05629543103107035 0.092882921433117
0 0.7682077244841269 0.544662548137345 0.09871638696924616 0.16349608428086584
0 0.8228668635606051 0.38541666666666663 0.05372916350378982 0.11664496527777778
0 0.8125070902308804 0.3243598805387778 0.031660908977386035 0.05100925760533349
0 0.6572265625 0.330078125 0.0289306640625 0.059733072916666664
0 0.331298828125 0.49609375 0.050048828125 0.1081814236111111
0 0.728515625 0.4338107638888889 0.060638427734375 0.14290364583333334
0 0.89990234375 0.4674479166666667 0.07965087890625 0.13465711805555555
0 0.50048828125 0.4479166666666667 0.04400634765625 0.09944661458333333
0 0.7822265625 0.4518229166666667 0.0802001953125 0.13563368055555555
0 0.1580810546875 0.58203125 0.06549072265625 0.13585069444444445
0 0.63916015625 0.3643663194444444 0.04107666015625 0.07579210069444445
0 0.7607421875 0.3311631944444444 0.04876708984375 0.0749782986111111
0 0.389404296875 0.5121527777777778 0.05059814453125 0.11241319444444445
0 0.7021484375 0.3240017361111111 0.038238525390625 0.06439887152777778
1 0.54345703125 0.3938802083333333 0.0416259765625 0.0837131076388889
0 0.93896484375 0.390625 0.04681396484375 0.1164279513888889
0 0.599609375 0.5321180555555556 0.0889892578125 0.1440972222222222
1 0.5912012113474028 0.3993687619081684 0.04400634765625 0.0938229096060112
1 0.65869140625 0.3741319444444444 0.046905517578125 0.15071614583333334