0 0.5966822916666668 0.5351574074074075 0.08978125000000006 0.13725925925925928
0 0.9402447916666666 0.3899722222222222 0.042177083333333344 0.11924999999999997
1 0.9013697916666668 0.4635462962962963 0.09057812499999993 0.13150925925925924
1 0.8193697916666667 0.32822222222222225 0.03814583333333322 0.04961111111111115
0 0.71484375 0.43771296296296297 0.06109375000000009 0.14572222222222228
1 0.7474114583333333 0.5459074074074074 0.08232291666666663 0.14073148148148149
0 0.7578125 0.32905555555555555 0.04544270833333333 0.07027777777777776
0 0.7879427083333332 0.45271296296296293 0.06527083333333342 0.13146296296296292
0 0.8741927083333334 0.3860648148148148 0.05313020833333345 0.104712962962963
0 0.6588645833333333 0.3184814814814815 0.024416666666666722 0.04885185185185184
0 0.6367083333333333 0.3602037037037037 0.041463541666666735 0.07554629629629632
0 0.38944270833333333 0.508611111111111 0.05405208333333332 0.11520370370370372
0 0.3290885416666667 0.5005370370370371 0.05603645833333329 0.1150462962962963
1 0.44629166666666664 0.42968518518518517 0.03781249999999995 0.07232407407407408
1 0.5366197916666666 0.39387962962962964 0.03628645833333337 0.08078703703703703
0 0.5868229166666666 0.39814814814814814 0.05038020833333334 0.08547222222222217
0 0.5838958333333333 0.3405 0.03966666666666659 0.03163888888888885
0 0.7036145833333334 0.3281296296296296 0.03671354166666655 0.059731481481481476
1 0.501953125 0.4509537037037037 0.04162500000000004 0.0996111111111111
0 0.1755364583333333 0.5846388888888888 0.06304687499999997 0.13249074074074066
0 0.24328645833333334 0.6558148148148147 0.08019791666666667 0.24565740740740735
1 0.8188177083333333 0.395712962962963 0.039494791666666626 0.0764259259259259