1 0.3356927083333333 0.5004351851851853 0.05282812500000003 0.11002777777777777
1 0.45190625 0.4279537037037037 0.03506249999999997 0.06900925925925923
0 0.6997083333333334 0.3263888888888889 0.04147395833333339 0.06624074074074071
0 0.9018541666666666 0.46614814814814814 0.080078125 0.1385648148148148
1 0.7924791666666666 0.45355555555555555 0.07452604166666674 0.12934259259259254
1 0.7666041666666668 0.5533888888888888 0.10247916666666677 0.16503703703703704
0 0.7612291666666666 0.3298611111111111 0.04940625000000007 0.07204629629629625
0 0.7241197916666666 0.4385833333333333 0.06646874999999994 0.13628703703703698
1 0.81640625 0.3964814814814815 0.05410937499999993 0.08767592592592587
0 0.5883802083333334 0.40537962962962965 0.044187500000000074 0.10351851851851848
1 0.176515625 0.5842037037037038 0.06256250000000001 0.13411111111111104
0 0.9345729166666668 0.3849814814814815 0.05270312500000003 0.11393518518518514
0 0.24304166666666666 0.6636296296296297 0.0796510416666667 0.25542592592592606
1 0.5004895833333334 0.44878703703703704 0.039182291666666674 0.09391666666666662
1 0.5932604166666666 0.5355925925925926 0.08959895833333344 0.13173148148148148
1 0.8759791666666668 0.3795555555555556 0.06256249999999994 0.08512037037037032
0 0.8168958333333334 0.340712962962963 0.05059895833333338 0.09391666666666673
0 0.6557604166666666 0.32422222222222224 0.029817708333333335 0.0625
1 0.6376979166666668 0.3687037037037037 0.038328125000000074 0.07959259259259263
0 0.3903802083333333 0.5073796296296297 0.05014062499999999 0.10704629629629625
1 0.5302760416666666 0.39149074074074075 0.03548958333333339 0.08978703703703707
1 0.5926510416666667 0.34105555555555556 0.016125000000000018 0.016527777777777797