0 0.71596875 0.4106111111111111 0.054927083333333356 0.09994444444444439
0 0.7021510416666668 0.3287777777777778 0.03970312500000001 0.059138888888888894
0 0.868609375 0.389537037037037 0.04083854166666659 0.10758333333333328
0 0.741703125 0.5371666666666667 0.07806770833333326 0.1732129629629629
0 0.3957239583333333 0.5075555555555555 0.061166666666666696 0.14129629629629625
0 0.443359375 0.42968518518518517 0.04336458333333333 0.07112962962962968
0 0.7905260416666666 0.4518240740740741 0.07489062499999997 0.13313888888888886
0 0.6015625 0.5338518518518518 0.08959895833333344 0.1423611111111111
0 0.6357447916666668 0.3645833333333333 0.04534895833333342 0.07736111111111107
0 0.9306666666666668 0.3860648148148148 0.06268229166666663 0.11371296296296302
0 0.33547916666666666 0.4947777777777778 0.05560416666666666 0.11812962962962961
0 0.9018541666666666 0.4652777777777778 0.07965104166666657 0.13097222222222227
0 0.814453125 0.36165740740740737 0.04400520833333322 0.05719444444444443
0 0.6518541666666666 0.3281296296296296 0.029375000000000047 0.05951851851851849
0 0.58203125 0.3514629629629629 0.04092187500000009 0.049222222222222195
0 0.4997552083333333 0.4522592592592592 0.04586979166666663 0.10899074074074072
1 0.5483385416666666 0.3993055555555556 0.03540104166666662 0.07915740740740741
0 0.820578125 0.32145370370370374 0.04921875 0.04880555555555559
0 0.7612291666666666 0.32769444444444445 0.04544270833333333 0.06749074074074073
0 0.5834947916666666 0.41153703703703703 0.04647916666666655 0.09912037037037033
0 0.240984375 0.6090648148148148 0.08651562500000001 0.15194444444444435
0 0.1534375 0.5621851851851851 0.08374999999999999 0.12362037037037037