1 0.32373046875 0.5004340277777778 0.07135009765625 0.09998914930555555
1 0.5054207153868557 0.4557249240584104 0.04866784657003862 0.12607658422793197
0 0.5302734375 0.3953993055555556 0.04107666015625 0.08138020833333333
0 0.638671875 0.36328125 0.042022705078125 0.07470703125
0 0.175537109375 0.5846354166666666 0.0634765625 0.13292100694444445
0 0.93359375 0.3910590277777778 0.0567626953125 0.1199001736111111
0 0.59619140625 0.5364583333333334 0.091064453125 0.13878038194444445
0 0.88134765625 0.3817274305555556 0.06451416015625 0.10335286458333333
1 0.81982421875 0.3448350694444444 0.040008544921875 0.0857204861111111
0 0.703125 0.3289930555555556 0.03704833984375 0.06201171875
0 0.58935546875 0.4166666666666667 0.046478271484375 0.10980902777777778
0 0.7919921875 0.4505208333333333 0.07476806640625 0.13802083333333334
0 0.3896484375 0.5112847222222222 0.05059814453125 0.1144748263888889
0 0.58056640625 0.3658854166666667 0.045257568359375 0.07682291666666667
0 0.9560546875 0.3513454861111111 0.0112457275390625 0.06635199652777778
0 0.74755859375 0.5399305555555556 0.10174560546875 0.1750217013888889
0 0.90185546875 0.4639756944444444 0.080078125 0.1333550347222222
0 0.65673828125 0.3248697916666667 0.0309600830078125 0.061686197916666664
0 0.71533203125 0.4390190972222222 0.059967041015625 0.14366319444444445
1 0.81689453125 0.3923611111111111 0.045257568359375 0.08062065972222222
1 0.453125 0.4296875 0.042022705078125 0.0710177951388889
0 0.2447509765625 0.6558159722222222 0.07684326171875 0.24522569444444445
0 0.759765625 0.3404947916666667 0.04443359375 0.09906684027777778