0 0.8638854166666667 0.39085185185185184 0.033312500000000016 0.09850925925925924
0 0.8266614583333334 0.3420185185185185 0.041322916666666744 0.07812962962962963
0 0.7265625 0.4181574074074074 0.056333333333333256 0.10670370370370372
1 0.9106458333333334 0.471787037037037 0.08019791666666667 0.1256481481481482
0 0.7973645833333334 0.457462962962963 0.07977083333333326 0.1333518518518519
0 0.2437760416666667 0.6180555555555556 0.07501041666666669 0.1671018518518519
0 0.4463020833333333 0.421212962962963 0.05344270833333328 0.06539814814814815
0 0.7543958333333334 0.551212962962963 0.09088020833333323 0.17588888888888893
0 0.16198958333333333 0.5755185185185184 0.061890625000000005 0.12380555555555559
0 0.8005729166666666 0.37903703703703706 0.05153125000000003 0.059185185185185146
0 0.7539791666666668 0.3589907407407407 0.034156249999999964 0.08041666666666669
0 0.7654375000000001 0.31607407407407406 0.028645833333333332 0.04919444444444444
0 0.9400937500000001 0.3701574074074074 0.04705208333333341 0.08830555555555555
0 0.5760989583333332 0.3436574074074074 0.04211979166666661 0.04316666666666667
0 0.32369270833333336 0.4885555555555555 0.05520833333333333 0.07862962962962965
0 0.58734375 0.39731481481481484 0.056968750000000054 0.09259259259259259
1 0.6565677083333333 0.3547962962962963 0.040749999999999884 0.04026851851851853
0 0.5986354166666668 0.5334166666666667 0.09448437499999993 0.13953703703703707
1 0.49881770833333333 0.44395370370370374 0.04472395833333328 0.0911481481481482
1 0.3808020833333333 0.5005092592592593 0.06303645833333332 0.10138888888888889
0 0.6513697916666668 0.32075000000000004 0.033083333333333326 0.04877777777777773
1 0.5307604166666666 0.39387962962962964 0.03860416666666661 0.07399999999999997
0 0.8898125 0.34500000000000003 0.027046874999999915 0.04329629629629629