0 0.1588125 0.5772592592592594 0.06609895833333332 0.13389814814814827
0 0.251953125 0.6180555555555556 0.060854166666666654 0.16275925925925924
0 0.831109375 0.3334722222222222 0.03267187500000001 0.0679907407407408
0 0.8139635416666666 0.38281481481481483 0.04672395833333335 0.10128703703703702
0 0.71875 0.42179629629629634 0.06384374999999996 0.10943518518518514
0 0.34082291666666664 0.506074074074074 0.05572395833333334 0.10861111111111107
0 0.8802083333333334 0.37792592592592594 0.0577239583333333 0.08316666666666671
0 0.7563489583333334 0.5342870370370371 0.0965572916666666 0.18000925925925929
0 0.5805677083333334 0.36327777777777776 0.03891145833333335 0.07031481481481476
1 0.5810364583333333 0.4073611111111111 0.04801562500000003 0.07547222222222222
0 0.7941927083333333 0.4181574074074074 0.0725677083333333 0.07036111111111112
0 0.700421875 0.3287777777777778 0.04404687500000008 0.05826851851851847
0 0.6015625 0.5321203703703704 0.09222395833333343 0.14442592592592593
0 0.9385833333333333 0.37799074074074074 0.048822916666666556 0.09811111111111115
0 0.9008802083333334 0.4652777777777778 0.080078125 0.13433333333333333
0 0.6357447916666668 0.3697962962962963 0.04519791666666677 0.08783333333333335
0 0.6518541666666666 0.32790740740740737 0.02854687499999997 0.05962037037037036
0 0.44043229166666664 0.4275185185185185 0.04208333333333331 0.0753611111111111
0 0.3911145833333334 0.5091111111111112 0.047609375000000044 0.1142592592592593
0 0.49878125 0.44922222222222224 0.04940624999999995 0.10524999999999997
1 0.5439479166666668 0.39951851851851855 0.03891145833333335 0.08322222222222221
0 0.7612291666666666 0.3287777777777778 0.04434374999999993 0.06673148148148153