1 0.504265625 0.44201851851851853 0.04329166666666661 0.09650925925925928
1 0.443359375 0.43034259259259255 0.04272395833333332 0.07112962962962957
0 0.23986979166666667 0.6579907407407407 0.08447395833333331 0.24522222222222215
0 0.6372083333333334 0.3645833333333333 0.04360937500000001 0.07524999999999998
0 0.390296875 0.5075740740740741 0.04647916666666667 0.10877777777777779
0 0.902421875 0.4644907407407407 0.07752083333333341 0.12902777777777774
1 0.5942395833333334 0.5403611111111112 0.09301562500000007 0.13661111111111107
0 0.7203229166666667 0.4126574074074074 0.05996874999999993 0.09278703703703707
0 0.8746562499999999 0.3843796296296296 0.047838541666666616 0.09504629629629628
0 0.15966666666666668 0.5759537037037037 0.06646875000000001 0.13487037037037045
0 0.9406145833333334 0.3781111111111111 0.043208333333333356 0.0996944444444444
0 0.7895520833333334 0.4544259259259259 0.07629166666666667 0.13194444444444445
0 0.5874010416666666 0.36306481481481484 0.03768750000000007 0.07232407407407408
0 0.8134791666666668 0.3860648148148148 0.04553125000000004 0.10221296296296295
0 0.7495104166666666 0.5381944444444444 0.08801041666666667 0.1653611111111111
1 0.32934375 0.4986944444444445 0.06280729166666663 0.10525000000000001
1 0.5405260416666666 0.3906296296296296 0.037687500000000006 0.07736111111111107
1 0.58203125 0.40125925925925926 0.04257291666666655 0.09147222222222219
0 0.8271510416666668 0.3420185185185185 0.03555208333333345 0.08572222222222226
0 0.65234375 0.32725925925925925 0.029312500000000106 0.059953703703703703
0 0.7626979166666668 0.3235648148148148 0.04083333333333338 0.06760185185185184
0 0.7021510416666668 0.3274722222222222 0.03839062500000002 0.059842592592592586