1 0.49845802787009463 0.443597127152363 0.04760909074418602 0.10238907902860751
1 0.54052734375 0.3934461805555556 0.03955078125 0.08138020833333333
0 0.8957142801254406 0.35203526648353023 0.03520107842099402 0.0565553419948382
0 0.5861219276301555 0.4077690972222222 0.044769287109375 0.1052517361111111
1 0.6533261603183161 0.32080222862644475 0.03630422233211803 0.04139829405844498
0 0.5784580927114249 0.3566789736714104 0.044458910032224706 0.06345560359282074
0 0.6505977682644299 0.37285708181465876 0.04854694333956952 0.08978968446265045
0 0.59765625 0.5308159722222222 0.09027099609375 0.13932291666666666
0 0.74951171875 0.5390625 0.089599609375 0.1691623263888889
0 0.91552734375 0.4713541666666667 0.091064453125 0.1279296875
1 0.329833984375 0.4973958333333333 0.053985595703125 0.1044921875
0 0.9365234375 0.3882378472222222 0.0526123046875 0.12586805555555555
0 0.79541015625 0.4496527777777778 0.07806396484375 0.13389756944444445
0 0.7275390625 0.4344618055555556 0.0615234375 0.13932291666666666
0 0.70263671875 0.3266059027777778 0.040985107421875 0.06429036458333333
0 0.81591796875 0.3834635416666667 0.05059814453125 0.10682508680555555
0 0.2391357421875 0.6519097222222222 0.08538818359375 0.244140625
0 0.82470703125 0.3430989583333333 0.03125 0.07611762152777778
0 0.443603515625 0.4223090277777778 0.04217529296875 0.08138020833333333
0 0.1568603515625 0.5750868055555556 0.06695556640625 0.1274956597222222
0 0.76318359375 0.3226996527777778 0.049957275390625 0.06548394097222222
0 0.869140625 0.4084201388888889 0.05126953125 0.1408420138888889
0 0.383544921875 0.5169270833333334 0.05023193359375 0.11946614583333333