0 0.9382864583333334 0.37102777777777773 0.053828124999999956 0.09962962962962965
0 0.7455989583333333 0.3672777777777778 0.05709374999999994 0.08431481481481487
0 0.8906822916666666 0.4477407407407407 0.08031249999999991 0.08503703703703706
0 0.78259375 0.5265925925925926 0.10842708333333324 0.15892592592592586
0 0.6560364583333332 0.3639074074074074 0.049156250000000054 0.06852777777777777
0 0.5845572916666666 0.3984722222222222 0.05951041666666678 0.08502777777777781
0 0.7919791666666666 0.4376111111111111 0.07761458333333332 0.06181481481481481
0 0.8355520833333333 0.3234722222222222 0.05 0.06257407407407412
0 0.87184375 0.3739259259259259 0.05333333333333338 0.08021296296296296
0 0.7643958333333334 0.3116759259259259 0.04138541666666669 0.042907407407407436
1 0.6961145833333333 0.4510092592592593 0.08240624999999989 0.11414814814814818
0 0.15477604166666667 0.571787037037037 0.08505729166666669 0.11667592592592592
1 0.4998020833333333 0.44313888888888886 0.048812500000000016 0.0915462962962963
0 0.33160416666666664 0.4906203703703704 0.05897916666666667 0.09608333333333331
1 0.5244166666666666 0.37851851851851853 0.05526562499999995 0.05277777777777778
0 0.3860572916666667 0.49746296296296294 0.0645572916666667 0.11299999999999996
0 0.24108333333333334 0.5981666666666666 0.08739062499999999 0.13444444444444448
0 0.8917916666666666 0.5596574074074073 0.11043749999999998 0.17437037037037031
0 0.4258385416666667 0.4313240740740741 0.052510416666666636 0.08186111111111108
0 0.6097083333333334 0.5152407407407408 0.09792708333333332 0.1348703703703704
0 0.6490677083333334 0.31172222222222223 0.046500000000000104 0.04492592592592591
1 0.8197864583333333 0.3703425925925926 0.0468906250000001 0.061037037037037
0 0.5831302083333333 0.3403981481481481 0.04366666666666674 0.043731481481481496
0 0.8950312500000001 0.34226851851851847 0.03205729166666676 0.04527777777777776