0 0.9365 0.3686203703703704 0.057406249999999895 0.0948148148148148
0 0.7435677083333334 0.35941666666666666 0.05276041666666676 0.06859259259259264
0 0.8902187500000001 0.44915740740740734 0.0638125 0.08654629629629627
0 0.7859739583333333 0.5432685185185185 0.10842708333333324 0.1661481481481482
0 0.6560364583333332 0.3639074074074074 0.049156250000000054 0.06852777777777777
0 0.5845572916666666 0.3984722222222222 0.05951041666666678 0.08502777777777781
0 0.7923385416666666 0.4341574074074074 0.07761458333333332 0.08167592592592596
0 0.8381041666666668 0.3236944444444444 0.05 0.05812962962962961
0 0.8765364583333334 0.37304629629629626 0.05333333333333338 0.08021296296296296
0 0.7643958333333334 0.3116759259259259 0.04138541666666669 0.042907407407407436
0 0.7070833333333333 0.42314814814814816 0.06032812499999996 0.09438888888888894
0 0.15477604166666667 0.571787037037037 0.08505729166666669 0.11667592592592592
1 0.5001041666666667 0.4452962962962963 0.048812500000000016 0.0915462962962963
0 0.33555729166666665 0.4931388888888889 0.05106770833333331 0.09326851851851854
1 0.5291041666666667 0.38963888888888887 0.04589062499999995 0.0750185185185185
0 0.3860572916666667 0.49746296296296294 0.0645572916666667 0.11299999999999996
0 0.24108333333333334 0.6009444444444444 0.08739062499999999 0.13444444444444448
0 0.8917916666666666 0.5574166666666667 0.11043749999999998 0.17437037037037031
0 0.427796875 0.42742592592592593 0.052510416666666636 0.08186111111111108
0 0.598328125 0.5311296296296296 0.10454166666666656 0.12608333333333335
0 0.651046875 0.3163888888888889 0.04918750000000003 0.04215740740740738
1 0.8156666666666667 0.37318518518518523 0.04160416666666673 0.05264814814814816
0 0.58465625 0.34581481481481485 0.045354166666666626 0.047601851851851826
1 0.7950937499999999 0.2920462962962963 0.045687499999999895 0.08687037037037042