0 0.599609375 0.5329907407407407 0.08978125000000006 0.1400833333333333
1 0.496734375 0.4479166666666667 0.04919791666666669 0.09722222222222222
0 0.7270520833333334 0.4139259259259259 0.06118750000000001 0.10616666666666663
0 0.7470729166666668 0.5377592592592593 0.0948489583333334 0.17220370370370372
0 0.38403125 0.5104166666666666 0.04995833333333337 0.11100000000000004
0 0.15734895833333334 0.5759537037037037 0.0624375 0.12771296296296303
0 0.7026354166666666 0.32725925925925925 0.038755208333333256 0.06098148148148149
0 0.796875 0.43771296296296297 0.07263020833333324 0.1521296296296296
0 0.33203125 0.4960925925925926 0.04904166666666671 0.10562962962962961
0 0.440671875 0.42924999999999996 0.040468750000000026 0.07112962962962968
0 0.2395 0.6579907407407407 0.08600000000000001 0.2506481481481482
0 0.865 0.40969444444444447 0.0477447916666667 0.14045370370370375
0 0.9349531249999999 0.3740462962962963 0.05423437500000006 0.09282407407407407
1 0.5390625 0.39323148148148146 0.04162500000000004 0.08718518518518516
0 0.7622083333333334 0.3281296296296296 0.05166666666666657 0.06369444444444441
1 0.904296875 0.4670185185185185 0.0834374999999999 0.12706481481481482
0 0.6376979166666668 0.36259259259259263 0.04940625000000007 0.08054629629629631
0 0.6615677083333333 0.32899074074074075 0.02904687499999999 0.058055555555555596
0 0.5822239583333333 0.4058148148148148 0.06550520833333333 0.11208333333333328
1 0.8266614583333334 0.3761388888888889 0.0496822916666666 0.08876851851851852
0 0.5776354166666666 0.34328703703703706 0.04083333333333338 0.03672222222222219