0 0.5971666666666666 0.5329907407407407 0.08868229166666666 0.1423611111111111
0 0.7900416666666668 0.4535555555555555 0.07433854166666667 0.1391018518518518
1 0.8208020833333334 0.34114814814814814 0.04193229166666678 0.08750925925925924
1 0.6254895833333334 0.36241666666666666 0.039796874999999926 0.073462962962963
1 0.5893541666666666 0.409287037037037 0.044921875 0.11306481481481483
1 0.957859375 0.3473888888888889 0.010062500000000085 0.0639814814814815
1 0.89478125 0.34732407407407406 0.017942708333333238 0.0602962962962963
0 0.3374010416666666 0.5013055555555556 0.05014062499999999 0.10801851851851854
0 0.39064062499999996 0.5043796296296297 0.048765625000000055 0.11068518518518515
1 0.23742708333333334 0.662324074074074 0.09125000000000003 0.2506481481481482
1 0.5643333333333334 0.36645370370370367 0.028354166666666694 0.043342592592592544
1 0.177125 0.5768240740740741 0.0624375 0.12435185185185181
1 0.7490260416666668 0.5412314814814815 0.10284375000000003 0.17687037037037034
1 0.8173854166666668 0.39431481481481484 0.0460208333333334 0.08062037037037031
1 0.9028333333333334 0.4704907407407407 0.07763541666666664 0.13097222222222227
1 0.517578125 0.39778703703703705 0.042390624999999994 0.07508333333333336
0 0.7172864583333334 0.43901851851851853 0.059328124999999926 0.1353055555555555
0 0.8764635416666666 0.39019444444444445 0.06064062499999991 0.10801851851851849
1 0.5004895833333334 0.4479166666666667 0.04147395833333339 0.09526851851851856
0 0.6494166666666668 0.32551851851851854 0.03253125000000002 0.06005555555555557
0 0.935546875 0.39149074074074075 0.05813541666666661 0.1220740740740741
0 0.7001979166666668 0.3261759259259259 0.04263541666666673 0.06749074074074073
0 0.7612291666666666 0.3431018518518519 0.04904166666666659 0.10037037037037035
1 0.4528802083333333 0.4270833333333333 0.035947916666666656 0.06477777777777781