0 0.5034010416666667 0.443712962962963 0.0500885416666667 0.08103703703703707
0 0.4413385416666667 0.4350925925925926 0.04411458333333336 0.09533333333333337
1 0.5375989583333334 0.3923611111111111 0.04098437500000003 0.08062037037037031
0 0.763890625 0.3200462962962963 0.04094791666666661 0.06699074074074077
0 0.5803802083333333 0.3479259259259259 0.0359375 0.053055555555555516
0 0.5882239583333334 0.4039537037037037 0.05408333333333341 0.07591666666666667
0 0.6065364583333334 0.5368148148148149 0.0762447916666666 0.1255092592592592
0 0.7513645833333332 0.5400370370370371 0.08511979166666658 0.1620833333333333
1 0.9086354166666666 0.47242592592592597 0.08178645833333344 0.125
0 0.7270520833333334 0.43533333333333335 0.061526041666666725 0.13801851851851857
0 0.8415677083333333 0.3418425925925926 0.028713541666666724 0.0779074074074074
0 0.8945989583333334 0.3580277777777778 0.03413020833333344 0.06946296296296295
0 0.9400520833333333 0.38992592592592595 0.044307291666666755 0.11220370370370376
0 0.7001979166666668 0.3287777777777778 0.04183854166666663 0.06261111111111112
0 0.649640625 0.3222037037037037 0.039114583333333286 0.052879629629629644
0 0.32934375 0.496962962962963 0.05301041666666665 0.10487037037037036
0 0.23643229166666663 0.6100092592592592 0.09348437499999998 0.15469444444444438
0 0.6576145833333332 0.36568518518518517 0.03871354166666663 0.07717592592592595
0 0.8129895833333334 0.38737037037037036 0.05758854166666675 0.09923148148148145
0 0.7959010416666668 0.4613703703703703 0.07879687499999997 0.1268425925925926
0 0.8715833333333334 0.39019444444444445 0.05551041666666663 0.10275925925925927
0 0.15856770833333333 0.5768240740740741 0.06304687499999999 0.1256481481481482
0 0.380859375 0.5169259259259259 0.04922395833333333 0.11469444444444439
0 0.3513177083333333 0.6171851851851852 0.06585937500000003 0.2897129629629629