0 0.747890625 0.5383981481481481 0.08821875000000005 0.1613055555555556
0 0.8148478482769997 0.3799889481492983 0.04388763677933364 0.09140382222452251
0 0.8741145833333334 0.3646851851851852 0.051578125000000107 0.07757407407407405
0 0.7861718750000001 0.4502407407407407 0.053536458333333314 0.12557407407407403
0 0.7173072916666666 0.42412962962962963 0.056864583333333246 0.10780555555555552
0 0.8993441767975414 0.46449551454985377 0.07781982421875 0.12434895833333329
0 0.9369668284542492 0.3815189958994299 0.05889892578125 0.10584852430555555
0 0.6337890625 0.3641493055555556 0.042236328125 0.07313368055555555
0 0.8249287267271243 0.33338002910186415 0.028273650061375596 0.06780172487039479
1 0.5872109230713716 0.40416734477434024 0.039740819685550356 0.09097439781767523
1 0.5505170124718428 0.4031307785283023 0.03755746244368557 0.08143516816771565
1 0.43568282591843965 0.4415328578631086 0.04815949464749565 0.08765555947621721
0 0.49853515625 0.4500868055555556 0.04595947265625 0.103515625
0 0.76123046875 0.3255208333333333 0.045013427734375 0.06825086805555555
0 0.654296875 0.32421875 0.030731201171875 0.06309678819444445
1 0.57861328125 0.3630642361111111 0.043212890625 0.06787109375
0 0.60009765625 0.5299479166666666 0.08990478515625 0.13780381944444445
0 0.32958984375 0.4978298611111111 0.05792236328125 0.10877821180555555
0 0.70263671875 0.3285590277777778 0.037689208984375 0.05848524305555555
0 0.1600341796875 0.5768229166666666 0.06658935546875 0.1281467013888889
0 0.388916015625 0.5108506944444444 0.046722412109375 0.10660807291666667
0 0.251708984375 0.6167534722222222 0.061767578125 0.1618923611111111