0 0.892578125 0.3652314814814815 0.03970312500000001 0.08289814814814812
0 0.8715833333333334 0.39149074074074075 0.05429166666666655 0.10524999999999997
0 0.9365260416666668 0.389537037037037 0.05212499999999996 0.12359259259259261
0 0.7265625 0.4353333333333334 0.060854166666666744 0.14008333333333337
1 0.9096666666666666 0.4704907407407407 0.07977083333333326 0.12435185185185181
0 0.751953125 0.5390648148148148 0.08496354166666673 0.16687962962962966
0 0.7959010416666668 0.45746296296296296 0.07708854166666677 0.12934259259259254
0 0.578125 0.34217592592592594 0.04821874999999996 0.03836111111111107
0 0.3881822916666666 0.5095462962962962 0.05319270833333339 0.11512962962962961
0 0.24365104166666665 0.6197962962962963 0.07641666666666665 0.1750185185185185
0 0.5858854166666667 0.39287037037037037 0.05692708333333343 0.09281481481481482
0 0.826171875 0.34223148148148147 0.04257291666666655 0.07855555555555559
1 0.5430625 0.3804166666666667 0.043296875000000054 0.05250925925925929
0 0.5986354166666668 0.5321203703703704 0.09204166666666656 0.14084259259259266
0 0.43243229166666663 0.42068518518518516 0.03026041666666662 0.07156481481481478
0 0.7612291666666666 0.32422222222222224 0.039796874999999926 0.06862962962962964
0 0.14404166666666668 0.574324074074074 0.08475520833333335 0.11978703703703694
0 0.6562291666666666 0.30924074074074076 0.030390624999999952 0.04545370370370373
0 0.6500364583333333 0.35453703703703704 0.03990624999999994 0.05006481481481486
1 0.47766145833333334 0.5786018518518519 0.07264062500000001 0.4814907407407407
1 0.8010677083333333 0.3840925925925926 0.050390625 0.06625925925925931
0 0.3255208333333333 0.4951574074074074 0.06354166666666666 0.11624074074074071