0 0.23854745544879055 0.6219915777924657 0.08154296875000003 0.2197265625
1 0.5900002962403531 0.4012598925474542 0.047782610644293774 0.0919078059282419
1 0.8703077062068438 0.38445954392922005 0.059857495125279554 0.11674483891334346
1 0.8155316048994721 0.3670116881466015 0.05207277652918094 0.07723084157098088
0 0.6518135066282492 0.36563093819139697 0.047752381274751815 0.07631395971612752
0 0.9385100451562082 0.380570390152991 0.0481508081250837 0.10988209975042638
1 0.9149156743750185 0.4746153809274231 0.090087890625 0.12662760416666666
1 0.79296875 0.4557291666666667 0.06768798828125 0.13172743055555555
0 0.32958984375 0.4973958333333333 0.053497314453125 0.10508897569444445
1 0.5390625 0.392578125 0.03955078125 0.0769314236111111
0 0.72705078125 0.4351128472222222 0.06268310546875 0.14029947916666666
0 0.74755859375 0.5347222222222222 0.09515380859375 0.171875
0 0.16015625 0.5746527777777778 0.0635986328125 0.1298828125
0 0.59765625 0.53125 0.087890625 0.13780381944444445
1 0.6552734375 0.3311631944444444 0.0321044921875 0.06222873263888889
0 0.70263671875 0.3255208333333333 0.0411376953125 0.06380208333333333
1 0.50244140625 0.4440104166666667 0.041534423828125 0.09852430555555555
0 0.576171875 0.3606770833333333 0.03955078125 0.0773654513888889
0 0.45263671875 0.4275173611111111 0.04327392578125 0.0803493923611111
0 0.763671875 0.3255208333333333 0.05059814453125 0.06488715277777778
0 0.38134765625 0.5138888888888888 0.050811767578125 0.10780164930555555