0 0.4450622209794425 0.43773722263149295 0.05274665179111508 0.09183729248520818
0 0.24372878423863722 0.6131472314268546 0.08242768542897574 0.15402883785370916
0 0.5338182721840293 0.3957433510696093 0.04081159319618362 0.08016942783366308
0 0.5866015014615946 0.4026565200790711 0.05519055176431043 0.09491807488036462
0 0.9324035120688443 0.3786560749698453 0.05715952859668647 0.09531128188413523
0 0.5802003871373612 0.3492605178805643 0.04360923549090264 0.056268431594461876
0 0.8186070469579145 0.326128923039552 0.038123517743954 0.04548701274577061
1 0.90380859375 0.4743923611111111 0.0831298828125 0.12315538194444445
1 0.8203125 0.3843315972222222 0.056640625 0.10660807291666667
0 0.7275390625 0.4357638888888889 0.05877685546875 0.13682725694444445
0 0.331298828125 0.49609375 0.054107666015625 0.1083984375
0 0.158935546875 0.5750868055555556 0.06439208984375 0.12630208333333334
0 0.6572265625 0.3302951388888889 0.0300445556640625 0.061089409722222224
0 0.87939453125 0.3878038194444444 0.060211181640625 0.1086154513888889
0 0.638671875 0.365234375 0.038909912109375 0.0740017361111111
0 0.7705078125 0.53515625 0.0994873046875 0.1743706597222222
1 0.5 0.4461805555555556 0.043853759765625 0.09337022569444445
0 0.79052734375 0.4596354166666667 0.07501220703125 0.13248697916666666
0 0.763671875 0.3289930555555556 0.0374755859375 0.0695529513888889
0 0.384521484375 0.5112847222222222 0.051361083984375 0.11040581597222222
0 0.60009765625 0.53125 0.08599853515625 0.1431206597222222