0 0.748046875 0.5364629629629629 0.0948489583333334 0.17046296296296293
0 0.24245833333333333 0.604925925925926 0.08374479166666665 0.14410185185185173
1 0.8984375 0.46397222222222223 0.07684374999999997 0.12478703703703707
0 0.8779322916666668 0.37065740740740744 0.05654687500000009 0.09635185185185191
0 0.822 0.3166851851851852 0.036328125 0.03614814814814812
0 0.58203125 0.3395462962962963 0.04351562500000009 0.030916666666666655
1 0.5385729166666666 0.40125925925925926 0.042177083333333344 0.09852777777777774
1 0.438234375 0.42491666666666666 0.04321354166666668 0.0798611111111111
0 0.5792552083333333 0.4021388888888889 0.041322916666666744 0.08604629629629625
0 0.8232447916666668 0.3400648148148148 0.03384375000000001 0.08289814814814812
0 0.716796875 0.4370648148148148 0.057802083333333344 0.13780555555555554
0 0.7885729166666666 0.45355555555555555 0.07159375000000003 0.13291666666666674
0 0.5971666666666666 0.5329907407407407 0.09466666666666677 0.13270370370370366
0 0.931640625 0.3812962962962963 0.05856250000000003 0.1062314814814815
0 0.8129895833333334 0.38758333333333334 0.049135416666666744 0.1070462962962963
1 0.49878125 0.4496574074074074 0.04544270833333333 0.09944444444444447
0 0.9555677083333334 0.35437962962962966 0.011328125 0.059027777777777776
0 0.654296875 0.3246574074074074 0.03044270833333324 0.06320370370370369
0 0.638671875 0.3684907407407408 0.04263541666666673 0.0768240740740741
0 0.331296875 0.4947962962962963 0.052614583333333326 0.10237962962962957
0 0.15966666666666668 0.5763888888888888 0.06695312500000002 0.12814814814814823
0 0.7026354166666666 0.3294259259259259 0.03881770833333344 0.058481481481481454
0 0.76171875 0.32508333333333334 0.04723958333333324 0.06927777777777783
0 0.38940625 0.5099814814814815 0.04629687500000005 0.10780555555555561