0 0.9412239583333334 0.36066666666666664 0.045598958333333425 0.07535185185185185
0 0.7474531249999999 0.3661851851851852 0.045229166666666744 0.08078703703703703
0 0.9091822916666668 0.46175 0.07891666666666666 0.1220740740740741
0 0.7474114583333333 0.5411574074074075 0.09844791666666666 0.1740462962962963
0 0.6492864583333334 0.36186111111111113 0.03529687499999999 0.06852777777777777
0 0.5855729166666667 0.40132407407407406 0.05951041666666678 0.09344444444444441
0 0.790953125 0.42775 0.05753645833333323 0.08895370370370365
0 0.830609375 0.31925000000000003 0.03551041666666658 0.05244444444444443
0 0.8799843749999999 0.36433333333333334 0.031671874999999974 0.07282407407407405
0 0.7656770833333333 0.3108888888888889 0.029593750000000085 0.038574074074074045
0 0.70265625 0.4196111111111111 0.0488124999999999 0.11198148148148143
0 0.5882343750000001 0.3397222222222222 0.04519791666666677 0.04000000000000004
0 0.13411458333333334 0.574212962962963 0.075203125 0.1275462962962963
0 0.22986979166666668 0.6042314814814815 0.09908333333333334 0.17005555555555563
0 0.496765625 0.4440092592592592 0.048812500000000016 0.0992592592592593
0 0.324453125 0.48692592592592593 0.050234375000000026 0.10899074074074078
1 0.5244166666666666 0.3768240740740741 0.05526562499999995 0.04939814814814817
0 0.8135625 0.36593518518518514 0.03469791666666661 0.05415740740740742
0 0.434640625 0.42312037037037037 0.04287499999999997 0.08274074074074075
0 0.37919791666666663 0.5006851851851852 0.0645572916666667 0.11299999999999996
0 0.5985937499999999 0.5233796296296296 0.09997395833333324 0.13194444444444445
0 0.654515625 0.30521296296296296 0.03464062500000011 0.04746296296296296