0 0.8238645833333333 0.3274166666666667 0.030765625000000085 0.05348148148148147
0 0.9070052083333333 0.4674444444444445 0.06709895833333329 0.13313888888888892
0 0.24051562499999998 0.6145277777777778 0.08513541666666666 0.15374999999999997
1 0.873671875 0.39023148148148146 0.05441145833333323 0.10449074074074076
0 0.58315625 0.40121296296296294 0.045229166666666744 0.09237962962962962
0 0.7991510416666666 0.4313333333333333 0.06051562500000003 0.10376851851851857
1 0.6477395833333334 0.31822222222222224 0.03713541666666676 0.051648148148148124
1 0.8169062500000001 0.38282407407407404 0.04179166666666655 0.09240740740740737
0 0.931640625 0.39019444444444445 0.05911458333333333 0.11902777777777784
0 0.33105729166666664 0.4973981481481482 0.05358854166666672 0.10959259259259255
0 0.43871875 0.42968518518518517 0.04467708333333332 0.07481481481481478
0 0.9560572916666668 0.3546018518518519 0.011031249999999914 0.06488888888888893
1 0.5014635416666666 0.4483518518518519 0.04077083333333332 0.09651851851851853
0 0.7631822916666666 0.5329907407407407 0.1007083333333334 0.17740740740740737
0 0.3891614583333334 0.5117222222222222 0.04708854166666671 0.11327777777777776
0 0.7573229166666666 0.32899074074074075 0.04477083333333335 0.06510185185185191
0 0.5405260416666666 0.39431481481481484 0.04031250000000005 0.08447222222222224
0 0.15710416666666666 0.5811666666666666 0.06268229166666668 0.13075000000000003
0 0.7202135416666666 0.44249074074074074 0.06854166666666663 0.15288888888888894
0 0.703125 0.3261759259259259 0.03634895833333331 0.059027777777777776
0 0.6020520833333334 0.5295185185185185 0.08868229166666666 0.14626851851851855
0 0.6372083333333334 0.36718518518518517 0.04477083333333335 0.07926851851851853