0 0.7475572916666666 0.5360277777777778 0.09173437500000006 0.1701388888888889
0 0.15478645833333332 0.5772592592592594 0.05813541666666667 0.1260833333333334
0 0.8734947916666667 0.3829074074074074 0.03357291666666669 0.08364814814814818
0 0.6000989583333334 0.5329907407407407 0.08910937500000007 0.13856481481481484
0 0.93359375 0.39084259259259263 0.05551041666666663 0.12098148148148145
0 0.332765625 0.496962962962963 0.05349479166666669 0.10704629629629625
0 0.3881822916666666 0.5108518518518519 0.05099479166666671 0.11143518518518515
0 0.4470208333333333 0.42687037037037034 0.03845312499999996 0.07470370370370376
0 0.24768229166666664 0.625 0.07226562499999997 0.1740462962962963
0 0.7241197916666666 0.41991666666666666 0.054994791666666744 0.10686111111111109
0 0.79296875 0.4505185185185186 0.07989583333333337 0.13725925925925933
1 0.5307604166666666 0.3899722222222222 0.03372395833333333 0.06331481481481481
0 0.9038072916666666 0.46614814814814814 0.08282291666666666 0.1295555555555555
0 0.6484375 0.3302962962962963 0.03548958333333327 0.0588148148148148
0 0.6337916666666668 0.36784259259259255 0.044614583333333256 0.07156481481481478
0 0.5908229166666668 0.34556481481481477 0.04147395833333339 0.04838888888888888
0 0.7626979166666668 0.3274722222222222 0.050718750000000055 0.06775925925925921
1 0.5014635416666666 0.4500833333333333 0.03860416666666661 0.09185185185185184
0 0.5927760416666668 0.41645370370370366 0.04638541666666664 0.11577777777777774
0 0.69140625 0.3246574074074074 0.0360104166666666 0.06559259259259262
0 0.822265625 0.38107407407407407 0.06915104166666666 0.10758333333333328
0 0.8176041666666667 0.3199166666666667 0.03686458333333344 0.031212962962962998