0 0.6391614583333334 0.32378703703703704 0.035947916666666656 0.07139814814814816
0 0.634765625 0.3650185185185185 0.037901041666666656 0.07454629629629629
1 0.4514166666666667 0.43186111111111114 0.03817708333333331 0.06879629629629626
0 0.587890625 0.40625 0.04477083333333335 0.11040740740740741
1 0.7944322916666666 0.4531296296296296 0.06982291666666664 0.13953703703703707
1 0.17736979166666667 0.5842037037037038 0.06310937499999998 0.13758333333333325
0 0.24255208333333333 0.6636296296296297 0.08093229166666666 0.25629629629629624
0 0.9008802083333334 0.4613703703703703 0.07904166666666677 0.13075000000000003
0 0.7265625 0.4379351851851852 0.06671354166666674 0.13215740740740742
0 0.337890625 0.49522222222222223 0.05135937499999995 0.10525000000000001
0 0.7612291666666666 0.33160185185185187 0.04830729166666667 0.07524999999999998
1 0.5893541666666666 0.5416666666666666 0.08166666666666676 0.13704629629629628
1 0.751953125 0.5447037037037037 0.09753645833333333 0.1771944444444444
1 0.8168958333333334 0.39410185185185187 0.04769791666666663 0.08289814814814812
1 0.5 0.4483518518518519 0.0390625 0.09477777777777774
0 0.9350572916666666 0.3886759259259259 0.053713541666666725 0.11555555555555551
0 0.6997083333333334 0.3263888888888889 0.04183854166666663 0.06722222222222224
1 0.8774427083333334 0.38215740740740745 0.060427083333333326 0.08371296296296293
0 0.8227552083333334 0.3409259259259259 0.04239062499999993 0.09049074074074076
0 0.3911145833333334 0.5073796296296297 0.04940624999999995 0.10682407407407403
0 0.5444322916666666 0.38910185185185187 0.037901041666666656 0.08946296296296297
1 0.6049791666666666 0.3517777777777778 0.029708333333333316 0.06450925925925922