0 0.6015625 0.5308148148148147 0.08618229166666656 0.1441018518518519
0 0.15722916666666667 0.5776944444444444 0.06536979166666666 0.13031481481481483
0 0.4396979166666667 0.4316388888888889 0.04385416666666669 0.07329629629629626
0 0.501953125 0.4479166666666667 0.04654166666666661 0.0985277777777778
0 0.3305677083333334 0.4960925925925926 0.05184895833333331 0.10818518518518516
0 0.7294947916666668 0.43533333333333335 0.06323437499999993 0.14594444444444446
0 0.8212916666666668 0.36335185185185187 0.05154166666666669 0.07163888888888889
0 0.765625 0.537324074074074 0.10540625000000006 0.17524074074074072
0 0.6391614583333334 0.3654537037037037 0.039854166666666656 0.07329629629629626
0 0.24511979166666667 0.6610277777777778 0.08038541666666665 0.25499074074074085
0 0.8711249999999999 0.36934259259259256 0.058473958333333326 0.07711111111111109
0 0.9399427083333334 0.380212962962963 0.04821874999999996 0.11078703703703702
0 0.7880885416666668 0.4292222222222222 0.07433854166666667 0.09867592592592597
0 0.7041041666666668 0.3268240740740741 0.03747395833333324 0.058481481481481454
0 0.5844739583333334 0.3389814814814815 0.04477083333333335 0.04715740740740736
1 0.536484375 0.3937962962962963 0.04247916666666664 0.08653703703703707
0 0.5932604166666666 0.4068981481481481 0.04311979166666665 0.10107407407407404
0 0.8109375 0.32285185185185183 0.027697916666666583 0.04738888888888884
0 0.3889166666666667 0.5130185185185184 0.051760416666666725 0.11219444444444446
0 0.7583020833333334 0.32769444444444445 0.04595833333333322 0.06500000000000004
0 0.900390625 0.4670185185185185 0.08019791666666667 0.13465740740740748
0 0.6572291666666668 0.3302962962962963 0.03033333333333322 0.06152777777777782
0 0.8862291666666666 0.3378888888888889 0.019270833333333334 0.029842592592592608