0 0.2424322916666667 0.6068981481481482 0.08038541666666665 0.13762962962962952
0 0.32519791666666664 0.5004351851851853 0.0609739583333333 0.10606481481481478
0 0.3884270833333333 0.511287037037037 0.05050520833333335 0.11002777777777777
0 0.43806770833333336 0.43861111111111106 0.047203124999999936 0.09162037037037037
1 0.4992604166666667 0.4479166666666667 0.0445677083333333 0.09456481481481487
0 0.5385729166666666 0.3919259259259259 0.04452604166666661 0.08246296296296292
0 0.5823541666666666 0.40281481481481485 0.04519791666666677 0.08799999999999997
0 0.904296875 0.46824074074074074 0.0809322916666666 0.13433333333333336
0 0.824296875 0.3327314814814815 0.030421874999999925 0.06444444444444447
0 0.796609375 0.4394722222222222 0.0520260416666666 0.1201574074074074
0 0.8741979166666667 0.37550925925925926 0.055338541666666664 0.09638888888888891
1 0.648328125 0.3174444444444444 0.0375729166666666 0.050037037037037005
0 0.5812760416666667 0.34838888888888886 0.03891145833333335 0.05717592592592593
0 0.7197291666666668 0.45225925925925925 0.06231770833333338 0.16774999999999995
1 0.81640625 0.3882407407407408 0.043276041666666744 0.10037037037037035
0 0.15869270833333332 0.5794259259259259 0.06408854166666665 0.13075000000000003
0 0.7622083333333334 0.5334166666666667 0.10125520833333326 0.18055555555555555
0 0.7568385416666668 0.32855555555555555 0.04510416666666662 0.06439814814814811
0 0.9340833333333334 0.3760833333333333 0.05856250000000003 0.09494444444444441
0 0.6362291666666666 0.3654537037037037 0.04009895833333322 0.07437962962962967
0 0.7026354166666666 0.32660185185185187 0.03781249999999995 0.05870370370370368
0 0.5952135416666666 0.5355925925925926 0.08910937500000007 0.1341111111111111