1 0.49939583333333337 0.4446203703703704 0.045609374999999966 0.08991666666666667
0 0.379578125 0.49797222222222215 0.06442187500000003 0.10380555555555551
0 0.7502395833333334 0.3568518518518518 0.04996875000000003 0.0650462962962963
0 0.7635677083333333 0.31617592592592597 0.03209895833333339 0.052333333333333315
1 0.91015625 0.4691851851851852 0.07989583333333337 0.12228703703703697
0 0.7967708333333333 0.4320648148148148 0.07620312499999997 0.07701851851851858
0 0.866265625 0.37365740740740744 0.034505208333333336 0.07088888888888895
0 0.71875 0.41064814814814815 0.054807291666666674 0.08127777777777775
0 0.2421875 0.6100277777777778 0.07879687499999997 0.18212962962962967
0 0.15515104166666666 0.5768240740740741 0.06463541666666668 0.125
0 0.75 0.5395 0.08477604166666666 0.1731759259259259
0 0.9359166666666667 0.36080555555555555 0.051781250000000036 0.06633333333333333
1 0.8030625 0.3797685185185185 0.045541666666666696 0.056796296296296324
0 0.44413020833333333 0.4237777777777778 0.04623958333333332 0.07113888888888893
0 0.5838125000000001 0.3988425925925926 0.060401041666666565 0.09211111111111113
0 0.8295260416666667 0.33266666666666667 0.04490104166666668 0.061
0 0.5751979166666668 0.34373148148148147 0.03628645833333337 0.03810185185185183
0 0.8854166666666666 0.34170370370370373 0.023843750000000104 0.03805555555555558
0 0.607421875 0.5338518518518518 0.08691666666666673 0.14648148148148152
1 0.5263697916666666 0.3845462962962963 0.03418229166666661 0.06737962962962961
0 0.6484375 0.36437037037037034 0.042177083333333344 0.07551851851851847
0 0.6538072916666666 0.31522222222222224 0.03253125000000002 0.040055555555555546
0 0.32726041666666666 0.4786574074074075 0.05029166666666664 0.06890740740740742