0 0.2425537109375 0.6549479166666666 0.0843505859375 0.2545572916666667
0 0.5048828125 0.4437934027777778 0.046295166015625 0.10389539930555555
1 0.5840333347643905 0.39391519537655345 0.04039890664309406 0.091107300475329
1 0.5482759683724097 0.3960212163450831 0.042083740234375 0.09033203125
0 0.76123046875 0.3305121527777778 0.045196533203125 0.06825086805555555
0 0.74951171875 0.5364583333333334 0.0872802734375 0.16688368055555555
0 0.38743549510631564 0.5095486111111112 0.05291831642799375 0.10921223958333333
0 0.82763671875 0.3444010416666667 0.033966064453125 0.0871853298611111
0 0.7021484375 0.3285590277777778 0.0390625 0.058268229166666664
0 0.63623046875 0.365234375 0.04443359375 0.0773654513888889
0 0.93212890625 0.3882378472222222 0.059326171875 0.12055121527777778
0 0.880859375 0.3841145833333333 0.056854248046875 0.10091145833333333
0 0.595703125 0.5342881944444444 0.095703125 0.1420355902777778
0 0.15966796875 0.5763888888888888 0.06451416015625 0.13313802083333334
1 0.443359375 0.4303385416666667 0.042816162109375 0.06993272569444445
0 0.95556640625 0.3556857638888889 0.0121002197265625 0.06141493055555555
0 0.7890625 0.4518229166666667 0.0743408203125 0.13411458333333334
0 0.90087890625 0.4665798611111111 0.08050537109375 0.13682725694444445
0 0.34228515625 0.5026041666666666 0.061767578125 0.10053168402777778
0 0.7197265625 0.4372829861111111 0.061767578125 0.14051649305555555
0 0.6513671875 0.3279079861111111 0.0284423828125 0.059136284722222224
0 0.81298828125 0.3832465277777778 0.04486083984375 0.10091145833333333