1 0.7524427083333334 0.5434074074074075 0.1001562500000001 0.17653703703703705
1 0.9057604166666666 0.4600740740740741 0.07989583333333337 0.1286851851851852
1 0.6450208333333334 0.32487037037037036 0.04168749999999998 0.06851851851851852
1 0.338625 0.5004351851851853 0.047421874999999974 0.10606481481481478
0 0.3891614583333334 0.5091111111111112 0.051942708333333344 0.10980555555555553
1 0.5893541666666666 0.542537037037037 0.08105729166666673 0.13725925925925928
0 0.822265625 0.3409259259259259 0.04147395833333339 0.0893055555555556
0 0.17566145833333333 0.5885462962962963 0.0624375 0.13910185185185187
1 0.453859375 0.42968518518518517 0.03726041666666665 0.07074999999999997
0 0.24328645833333334 0.6636296296296297 0.07739062499999999 0.25325925925925924
0 0.724609375 0.43966666666666665 0.062437500000000055 0.13368518518518518
0 0.7905260416666666 0.4531296296296296 0.07556249999999996 0.1375833333333333
1 0.4985364583333334 0.45008333333333334 0.03759895833333336 0.08800000000000002
0 0.6357447916666668 0.3680555555555556 0.04031250000000005 0.0765
0 0.9340833333333334 0.3893240740740741 0.05309895833333324 0.11708333333333337
1 0.8193385416666668 0.39387962962962964 0.04296875 0.07823148148148149
0 0.5883802083333334 0.403212962962963 0.04360937500000001 0.10562962962962967
1 0.8779322916666668 0.36241666666666666 0.06927604166666677 0.0757962962962963
0 0.7622083333333334 0.33160185185185187 0.04885937499999997 0.07411111111111107
0 0.7026354166666666 0.32487037037037036 0.0390625 0.062333333333333275
1 0.544921875 0.389537037037037 0.038114583333333306 0.09162962962962966
1 0.591796875 0.35264814814814816 0.029921874999999907 0.0533055555555556