0 0.33086458333333335 0.49662962962962964 0.047239583333333356 0.10562962962962961
0 0.2419427083333333 0.628212962962963 0.08209374999999998 0.20583333333333328
0 0.3822552083333333 0.5071574074074074 0.048036458333333344 0.1245648148148148
0 0.4388333333333333 0.4270740740740741 0.04287499999999997 0.07058333333333335
0 0.7709947916666666 0.324 0.028932291666666762 0.06537962962962965
0 0.6401458333333333 0.36562962962962964 0.039328125000000116 0.07060185185185185
0 0.8939583333333334 0.34124074074074073 0.0417083333333333 0.032157407407407426
0 0.578125 0.34202777777777776 0.03955208333333336 0.034592592592592605
0 0.7532708333333333 0.3483425925925926 0.04942708333333338 0.04857407407407411
0 0.5864791666666667 0.4014351851851852 0.05845312500000001 0.08477777777777783
0 0.712765625 0.4118611111111111 0.05434895833333329 0.09087037037037035
0 0.8611458333333334 0.36815740740740743 0.03427083333333343 0.05652777777777773
0 0.765625 0.5295185185185185 0.11083854166666664 0.18218518518518517
0 0.8357864583333333 0.3309814814814815 0.046786458333333295 0.05497222222222223
0 0.6615260416666667 0.33111111111111113 0.025468750000000047 0.04912962962962958
0 0.1579583333333333 0.5776944444444444 0.06622395833333332 0.1260833333333334
1 0.9096666666666666 0.4678796296296296 0.08038541666666674 0.130537037037037
1 0.7956666666666667 0.4024351851851852 0.05599479166666678 0.06800000000000005
0 0.9417083333333333 0.37644444444444447 0.04281770833333335 0.0904444444444444
0 0.5932604166666666 0.5403611111111112 0.09435937500000004 0.13150925925925924
1 0.529296875 0.3893240740740741 0.03607291666666672 0.07156481481481478
1 0.49875520833333337 0.4420833333333334 0.03815104166666667 0.09378703703703706