1 0.5331544736553416 0.4030161973773483 0.04468142866674493 0.07621468642136335
1 0.501953125 0.4509548611111111 0.041473388671875 0.09320746527777778
0 0.75 0.5390625 0.08819580078125 0.17100694444444445
0 0.93115234375 0.3747829861111111 0.056640625 0.09288194444444445
0 0.449951171875 0.4296875 0.04168701171875 0.07047526041666667
0 0.59912109375 0.5338541666666666 0.08990478515625 0.1416015625
0 0.8818359375 0.3895399305555556 0.05987548828125 0.10091145833333333
0 0.90380859375 0.4644097222222222 0.0831298828125 0.12586805555555555
0 0.2496337890625 0.6137152777777778 0.060302734375 0.15928819444444445
0 0.33056640625 0.4969618055555556 0.050506591796875 0.10335286458333333
0 0.1551513671875 0.5768229166666666 0.057708740234375 0.12662760416666666
0 0.59228515625 0.41796875 0.04534912109375 0.08555772569444445
1 0.658203125 0.3287760416666667 0.0268096923828125 0.059733072916666664
0 0.79736328125 0.4513888888888889 0.07489013671875 0.13704427083333334
0 0.7275390625 0.4359809027777778 0.056976318359375 0.1410590277777778
0 0.385498046875 0.5104166666666666 0.055816650390625 0.11165364583333333
0 0.58740234375 0.3517795138888889 0.03662109375 0.05995008680555555
0 0.64111328125 0.3658854166666667 0.037200927734375 0.06966145833333333
0 0.76171875 0.3229166666666667 0.034881591796875 0.06559244791666667
0 0.70263671875 0.3272569444444444 0.039947509765625 0.06027560763888889
1 0.8291015625 0.3767361111111111 0.055511474609375 0.12630208333333334