0 0.9392395833333332 0.3683240740740741 0.045598958333333425 0.07535185185185185
0 0.894828125 0.3612777777777778 0.0371250000000001 0.07275000000000005
0 0.7509583333333333 0.3761759259259259 0.05600520833333344 0.10078703703703706
1 0.9091822916666668 0.4704907407407407 0.07891666666666666 0.12207407407407406
1 0.749421875 0.5398518518518518 0.09844791666666666 0.1740462962962963
0 0.6435572916666668 0.36000925925925925 0.042234375000000074 0.06955555555555556
0 0.5855729166666667 0.40132407407407406 0.05951041666666678 0.09344444444444441
0 0.7975416666666667 0.44609259259259254 0.06055729166666666 0.12234259259259264
1 0.8270729166666667 0.33947222222222223 0.04356770833333338 0.08223148148148143
0 0.8620520833333334 0.39059259259259255 0.03509895833333327 0.09999074074074076
0 0.7656770833333333 0.31218518518518523 0.029593750000000085 0.038574074074074045
1 0.6991875000000001 0.43651851851851853 0.05659374999999992 0.1352777777777778
0 0.6581979166666667 0.3113240740740741 0.02672916666666675 0.03868518518518516
0 0.5747083333333334 0.3458425925925926 0.04519791666666677 0.04000000000000004
1 0.13435416666666666 0.5744722222222222 0.08482291666666668 0.12421296296296305
0 0.22986979166666668 0.6042314814814815 0.09908333333333334 0.17005555555555563
0 0.496765625 0.4440092592592592 0.048812500000000016 0.0992592592592593
1 0.33293229166666666 0.4892222222222222 0.050234375000000026 0.10899074074074078
1 0.5244166666666666 0.3808796296296296 0.05526562499999995 0.04939814814814817
1 0.7978541666666668 0.3727037037037037 0.03469791666666661 0.04847222222222224
0 0.4419791666666667 0.4231388888888889 0.04287499999999997 0.08274074074074075
1 0.384234375 0.506462962962963 0.05447916666666662 0.1245648148148148
0 0.5969635416666667 0.5313796296296296 0.09997395833333324 0.13194444444444445