0 0.7465833333333334 0.5390648148148148 0.08740104166666664 0.1718796296296297
0 0.8712760416666666 0.39025000000000004 0.035921874999999895 0.102962962962963
0 0.936515625 0.3721203703703704 0.047619791666666585 0.08359259259259257
0 0.4431145833333333 0.42924999999999996 0.043947916666666725 0.06889814814814813
0 0.3317864583333333 0.496962962962963 0.05398437500000005 0.10183333333333335
0 0.385984375 0.5121574074074075 0.053098958333333356 0.11143518518518515
0 0.8217760416666666 0.32262962962962966 0.03476041666666655 0.040055555555555546
0 0.8203125 0.3784722222222222 0.04830729166666667 0.09391666666666673
0 0.1623541666666667 0.5763888888888888 0.06347916666666667 0.12727777777777782
0 0.24450520833333333 0.6636296296296297 0.08050520833333336 0.25325925925925924
1 0.71875 0.4167962962962963 0.06756770833333334 0.09845370370370374
0 0.701171875 0.32660185185185187 0.04183854166666663 0.0625
0 0.7944322916666666 0.4531296296296296 0.07409895833333333 0.13725925925925928
0 0.6391614583333334 0.3645833333333333 0.03896875000000009 0.07356481481481486
1 0.501953125 0.4518240740740741 0.041078124999999945 0.09391666666666673
0 0.6005885416666668 0.5290833333333333 0.08434895833333324 0.1449629629629629
0 0.90234375 0.4631111111111112 0.08050520833333343 0.12987962962962968
0 0.5922864583333334 0.4090740740740741 0.04443229166666664 0.09868518518518522
0 0.5883802083333334 0.34528703703703706 0.037046875000000055 0.049342592592592556
0 0.5278333333333334 0.3919259259259259 0.03533854166666662 0.06851851851851852
0 0.7602552083333334 0.3268240740740741 0.03942708333333324 0.06760185185185184
0 0.6572291666666668 0.3274722222222222 0.028104166666666687 0.058481481481481454