0 0.7509791666666668 0.5390648148148148 0.08728124999999996 0.1718796296296297
0 0.43919270833333335 0.44367592592592586 0.05252083333333329 0.09649074074074072
1 0.5026927083333333 0.45180555555555557 0.05326562499999999 0.10359259259259258
1 0.6577135416666666 0.3281296296296296 0.02801562499999998 0.060379629629629665
1 0.8158645833333333 0.3607222222222222 0.06571874999999991 0.062425925925925885
0 0.33105729166666664 0.49522222222222223 0.05291666666666662 0.10742592592592591
1 0.5297864583333334 0.389537037037037 0.03601041666666666 0.0658611111111111
1 0.16064583333333332 0.5785555555555556 0.06335416666666666 0.1284722222222222
0 0.6000989583333334 0.5321203703703704 0.08819791666666674 0.14312037037037031
0 0.7939479166666668 0.45355555555555555 0.06994791666666676 0.14496296296296302
1 0.9013697916666668 0.46875 0.08019791666666667 0.1258703703703704
0 0.7280260416666666 0.43533333333333335 0.06076041666666659 0.13368518518518518
0 0.59375 0.40712037037037035 0.04208333333333343 0.10351851851851848
0 0.24487499999999998 0.6614629629629629 0.08123958333333331 0.25
0 0.8784166666666666 0.3884537037037037 0.05813541666666661 0.10037037037037035
0 0.9311510416666666 0.389537037037037 0.06076041666666659 0.12380555555555559
0 0.388671875 0.5121574074074075 0.050416666666666644 0.11122222222222228
1 0.5874010416666666 0.35395370370370366 0.03802604166666678 0.06271296296296298
0 0.6318385416666668 0.3621944444444445 0.04138020833333324 0.07769444444444441
0 0.8159166666666666 0.3409259259259259 0.03689583333333341 0.07481481481481478
0 0.7631822916666666 0.3261759259259259 0.03561458333333339 0.06450925925925922
1 0.6591822916666668 0.38628703703703704 0.0457760416666666 0.15646296296296297
0 0.2463385416666667 0.5816018518518519 0.044921875 0.09098148148148147
0 0.7016614583333334 0.3294259259259259 0.04153645833333333 0.05729629629629629