1 0.4374296875 0.532375 0.06871093750000004 0.1290416666666666
0 0.8051640624999999 0.5964583333333333 0.1087890625 0.17302777777777784
1 0.74075 0.4364861111111111 0.05587499999999999 0.1216666666666667
0 0.9697890625 0.5174166666666667 0.04846874999999997 0.13043055555555552
0 0.47641406249999996 0.4924722222222222 0.058476562499999926 0.09661111111111119
1 0.9420703125 0.7034861111111111 0.08260937499999983 0.23629166666666673
0 0.5373046875 0.4988472222222222 0.06307812500000001 0.10498611111111116
0 0.63834375 0.47297222222222224 0.06278906250000009 0.10936111111111112
0 0.69609375 0.5588194444444444 0.09260156249999998 0.15819444444444442
0 0.5593359375 0.4317083333333333 0.04607812500000001 0.06402777777777781
0 0.5835234375 0.6665277777777777 0.1172890624999999 0.20068055555555556
0 0.36150000000000004 0.5212638888888889 0.08305468749999996 0.12359722222222223
1 0.9386640625 0.5767638888888889 0.08557031250000016 0.09263888888888895
0 0.0380234375 0.6853333333333332 0.07476562500000002 0.17773611111111107
0 0.6209453125 0.40119444444444446 0.047937499999999925 0.05951388888888892
1 0.7725859374999999 0.5093333333333334 0.0733437499999999 0.08654166666666659
1 0.6894375 0.4164444444444444 0.05131250000000005 0.08034722222222225
0 0.11666406250000001 0.7520277777777779 0.12066406249999999 0.20370833333333335
1 0.9057578124999999 0.47779166666666667 0.08012499999999996 0.11906944444444446
1 0.2936875 0.6126805555555556 0.09128906250000002 0.13398611111111114
0 0.20642187500000003 0.5925138888888889 0.07861718749999999 0.10837499999999996