0 0.03665625 0.6819166666666667 0.07264062499999999 0.17197222222222214
1 0.1209375 0.7395 0.10911718749999996 0.16016666666666657
0 0.204734375 0.5914861111111112 0.09232031249999999 0.13208333333333336
1 0.352953125 0.5185138888888888 0.09231249999999998 0.13891666666666663
1 0.2788046875 0.6141805555555555 0.09117968750000002 0.14449999999999996
0 0.434390625 0.5326527777777778 0.08692968749999999 0.13368055555555555
0 0.5301484375000001 0.5082638888888888 0.07928125000000001 0.09441666666666669
0 0.555703125 0.43825000000000003 0.04478906249999994 0.07597222222222229
0 0.6387968749999999 0.46293055555555557 0.056625000000000016 0.08802777777777777
1 0.5809453125 0.366375 0.059328125000000044 0.07377777777777779
0 0.686328125 0.4134722222222222 0.03592968750000001 0.07238888888888889
1 0.5758125 0.6676388888888889 0.12317968750000005 0.23388888888888887
0 0.7038046875 0.5627083333333333 0.09421874999999993 0.1648472222222223
1 0.7901171875 0.4903472222222222 0.05666406249999998 0.060680555555555474
1 0.8733359374999999 0.511875 0.0639765624999999 0.11970833333333325
0 0.9163203125000001 0.45862499999999995 0.056578125000000055 0.10745833333333334
1 0.9535937499999999 0.5003333333333333 0.0483281250000001 0.08338888888888883
0 0.9228671875 0.5711666666666667 0.11301562499999988 0.13513888888888884
0 0.48092187500000005 0.4761666666666666 0.06635937500000004 0.0888194444444445
1 0.7404296875 0.4214305555555556 0.05960156249999997 0.11122222222222228
0 0.6206953125 0.40197222222222223 0.051640624999999926 0.06663888888888891
0 0.7938359375 0.5969583333333334 0.08856249999999992 0.17594444444444438
1 0.9113515624999999 0.709375 0.11224218750000006 0.24997222222222223
1 0.982046875 0.4639027777777778 0.022749999999999916 0.054180555555555544