0 0.033875 0.687625 0.06775 0.1754027777777778
1 0.12015625 0.7462777777777778 0.10814062499999996 0.16355555555555554
1 0.23615624999999998 0.5849444444444445 0.06556249999999997 0.11863888888888884
0 0.3536015625 0.5251805555555555 0.05846093750000003 0.09593055555555546
1 0.3086796875 0.6063611111111111 0.0704140625 0.15172222222222223
0 0.4295625 0.5326527777777778 0.09259374999999999 0.13368055555555555
0 0.52715625 0.5079583333333334 0.07150781249999998 0.09461111111111112
0 0.555703125 0.4372361111111111 0.04478906249999994 0.07393055555555558
0 0.63996875 0.46181944444444445 0.058968750000000014 0.09023611111111116
1 0.6360234375 0.36397222222222225 0.05926562499999992 0.10298611111111108
0 0.7031562499999999 0.41512499999999997 0.05749218749999994 0.0822777777777778
1 0.7993515625 0.4360277777777778 0.06121874999999992 0.1033333333333333
0 0.571796875 0.6938888888888889 0.11239062499999992 0.18347222222222218
0 0.69903125 0.5722083333333333 0.08466406249999991 0.14937499999999992
1 0.7930859374999999 0.5935833333333334 0.08411718749999997 0.18026388888888883
1 0.8450156249999999 0.5271111111111111 0.03279687500000002 0.06648611111111112
1 0.8767265625 0.5011944444444445 0.06569531250000012 0.09779166666666662
0 0.9205937499999999 0.4580416666666667 0.04988281249999993 0.08541666666666667
1 0.956234375 0.49663888888888885 0.03520312499999996 0.10770833333333327
0 0.9130859375 0.5789444444444444 0.08039062500000008 0.12302777777777783
1 0.9401015625 0.704375 0.09050000000000011 0.24748611111111118
0 0.47915625000000006 0.49259722222222224 0.05615624999999991 0.08558333333333334
1 0.9797109374999999 0.467625 0.023421875000000016 0.04781944444444437