1 0.5988749999999999 0.6440138888888888 0.08630468750000002 0.17670833333333327
0 0.22180468750000001 0.5855 0.07806249999999999 0.12662499999999993
0 0.125546875 0.7248194444444445 0.09893749999999998 0.15915277777777775
0 0.3134765625 0.6054722222222222 0.058351562500000044 0.14756944444444445
1 0.6962890625 0.5568611111111111 0.09234375000000003 0.1615694444444445
0 0.8974609375 0.602 0.07629687499999989 0.1624305555555556
0 0.8032265625000001 0.5763888888888888 0.10174218750000001 0.1864166666666667
1 0.8979531250000001 0.5134583333333333 0.06994531250000016 0.10199999999999992
0 0.8228515625 0.4906111111111111 0.04307031250000008 0.10502777777777779
0 0.6298828125 0.45406944444444447 0.04700000000000006 0.10356944444444452
0 0.76765625 0.4128472222222222 0.04122656249999999 0.1543611111111111
1 0.7322890625 0.4287222222222222 0.04556249999999995 0.11016666666666673
0 0.3615703125 0.5182361111111111 0.05910937499999998 0.1132777777777777
0 0.0440078125 0.6853333333333332 0.08758593749999999 0.1721944444444444
0 0.9594765625000001 0.53125 0.06622656249999999 0.13563888888888884
0 0.5444375 0.49956944444444445 0.046296874999999994 0.10091666666666663
0 0.47925000000000006 0.48480555555555555 0.05420312500000009 0.0963611111111111
1 0.955078125 0.7013888888888888 0.0661015625000001 0.23112500000000002
0 0.6904296875 0.4079861111111111 0.042234374999999956 0.07795833333333332
1 0.6158984375000001 0.35070833333333334 0.07124218750000004 0.09844444444444443