0 0.033875 0.6873333333333334 0.06775 0.17598611111111115
1 0.12171875000000001 0.7429444444444444 0.10721093750000002 0.16473611111111106
1 0.2247578125 0.5931388888888889 0.06890625000000002 0.1391388888888888
0 0.344859375 0.5251805555555555 0.07594531250000003 0.09593055555555546
1 0.2912265625 0.6116527777777777 0.06465625 0.15170833333333336
0 0.43171875000000004 0.5326527777777778 0.09689843749999998 0.13368055555555555
0 0.5269609375 0.5079583333333334 0.07189062499999999 0.09461111111111112
0 0.555703125 0.44406944444444446 0.04478906249999994 0.0875972222222223
0 0.63996875 0.46181944444444445 0.058968750000000014 0.09023611111111116
1 0.639921875 0.3659861111111111 0.07277343750000007 0.12008333333333335
1 0.6912109375 0.412 0.03600781249999994 0.07876388888888894
0 0.5706015625 0.6887916666666667 0.10999999999999996 0.1936666666666666
0 0.7026796875 0.5618611111111111 0.09196875000000002 0.16187499999999994
1 0.8003515625000001 0.5942777777777778 0.10325781250000006 0.17823611111111118
1 0.790453125 0.4912222222222222 0.05666406250000007 0.06163888888888888
0 0.8770546875 0.5000277777777777 0.06569531250000012 0.09779166666666662
0 0.9192734375 0.4603888888888889 0.05515624999999993 0.0901111111111111
1 0.9640000000000001 0.5274166666666666 0.05734375000000007 0.1540833333333334
0 0.9009765625 0.5735694444444445 0.10592187499999994 0.11226388888888894
1 0.933015625 0.7053888888888888 0.08499218749999997 0.24187500000000003
0 0.48473437500000005 0.48234722222222226 0.06731250000000007 0.10608333333333332
1 0.7631953125 0.3847083333333333 0.04646093750000002 0.15919444444444444
1 0.9824453125 0.46649999999999997 0.020859374999999857 0.047277777777777724