1 0.058804687499999994 0.676263888888889 0.07186718749999998 0.18579166666666672
1 0.1220625 0.7424861111111112 0.10728125 0.16362499999999994
0 0.2066015625 0.6052083333333333 0.09546093749999998 0.12083333333333333
1 0.3763828125 0.5320138888888889 0.0537109375 0.08034722222222225
0 0.2825859375 0.6123055555555555 0.08674218749999998 0.13148611111111105
0 0.4413046875 0.5359583333333333 0.07326562499999997 0.12708333333333333
0 0.5307890625 0.5082638888888888 0.07799218749999995 0.09441666666666669
0 0.555703125 0.43825000000000003 0.04478906249999994 0.07597222222222229
0 0.6387968749999999 0.46293055555555557 0.056625000000000016 0.08802777777777777
1 0.5756328125 0.3644583333333334 0.058812499999999976 0.0757916666666667
1 0.6888984375 0.4144583333333334 0.041078124999999945 0.07040277777777769
1 0.576640625 0.6907916666666667 0.12141406250000006 0.19147222222222215
0 0.6997578125 0.5669027777777778 0.08956250000000007 0.15190277777777778
1 0.7928671875 0.4875 0.052109375000000034 0.06109722222222223
1 0.8795703125 0.5008194444444444 0.057601562500000016 0.10375000000000006
0 0.9197656249999999 0.4558333333333333 0.04549999999999983 0.10187500000000003
1 0.981984375 0.5061944444444444 0.02617968750000017 0.0887916666666666
1 0.9198359375 0.5877777777777777 0.05806250000000013 0.08044444444444439
0 0.48264843749999997 0.47779166666666667 0.05953906250000003 0.08424999999999995
1 0.7424375000000001 0.42783333333333334 0.055992187500000054 0.12005555555555547
0 0.61984375 0.3966666666666667 0.04397656249999997 0.06262500000000004
1 0.805390625 0.5910138888888888 0.11167187500000005 0.1904722222222222
1 0.949203125 0.7099583333333334 0.07164062499999986 0.2327777777777778