0 0.0398125 0.6819166666666667 0.0789453125 0.17197222222222214
1 0.1209375 0.7430694444444444 0.10911718749999996 0.16016666666666657
0 0.2054609375 0.5889027777777778 0.09232031249999999 0.13208333333333336
1 0.342828125 0.5207361111111111 0.07438281250000003 0.09372222222222225
0 0.283296875 0.6096666666666667 0.10111718750000005 0.15304166666666658
0 0.419296875 0.5326527777777778 0.09964062499999997 0.13368055555555555
0 0.5301484375000001 0.5082638888888888 0.07928125000000001 0.09441666666666669
0 0.555703125 0.43825000000000003 0.04478906249999994 0.07597222222222229
0 0.6387968749999999 0.46293055555555557 0.056625000000000016 0.08802777777777777
1 0.5785625 0.366375 0.059328125000000044 0.07377777777777779
1 0.686328125 0.4134722222222222 0.03592968750000001 0.07238888888888889
1 0.56765625 0.6727916666666667 0.10686718749999997 0.22358333333333327
0 0.7038046875 0.5627083333333333 0.09421874999999993 0.1648472222222223
1 0.7901171875 0.4890555555555556 0.05666406249999998 0.06326388888888883
1 0.8696484375000001 0.4983472222222222 0.06192968749999998 0.0875
0 0.9133437499999999 0.4452083333333334 0.05061718749999997 0.08487500000000002
1 0.9495703125 0.506875 0.039492187500000143 0.09929166666666668
0 0.9011015625000001 0.6067083333333333 0.11904687500000008 0.19009722222222222
0 0.48092187500000005 0.4726388888888889 0.06635937500000004 0.09587499999999996
1 0.7404296875 0.4214305555555556 0.05960156249999997 0.11122222222222228
1 0.9813828125 0.46143055555555557 0.024328124999999902 0.05066666666666669
0 0.6206953125 0.40197222222222223 0.051640624999999926 0.06663888888888891
0 0.7938359375 0.5969583333333334 0.08856249999999992 0.17594444444444438
1 0.9436328125 0.720736111111111 0.10095312499999984 0.21538888888888888