0 0.623046875 0.40906944444444443 0.041929687500000055 0.07129166666666673
0 0.583796875 0.6519305555555556 0.11419531250000006 0.18380555555555553
0 0.644984375 0.4584583333333333 0.045906249999999996 0.09031944444444441
1 0.69734375 0.40980555555555553 0.047453125000000006 0.0626527777777778
0 0.7793281249999999 0.4824166666666666 0.04913281249999999 0.0931805555555556
1 0.7424375000000001 0.44597222222222227 0.052726562500000004 0.1485555555555556
0 0.89690625 0.4508888888888889 0.07251562500000013 0.08438888888888887
1 0.124203125 0.7452222222222221 0.1015625 0.18380555555555553
1 0.9558359375000001 0.7248749999999999 0.07331250000000011 0.22298611111111105
0 0.697265625 0.5581666666666667 0.09136718750000003 0.1573333333333333
0 0.042171875 0.6866388888888889 0.08196875 0.17622222222222214
0 0.35425 0.5177916666666667 0.062226562499999985 0.12011111111111114
0 0.22082812500000001 0.5833333333333334 0.08050781249999998 0.12749999999999995
0 0.9643593750000001 0.5264722222222222 0.05813281249999989 0.1423611111111111
0 0.2985859375 0.6080694444444444 0.07501562499999999 0.15126388888888884
0 0.5458984375 0.5065138888888889 0.05459375000000009 0.09163888888888891
1 0.5654296875 0.45008333333333334 0.04602343750000006 0.09456944444444448
0 0.8032265625000001 0.5798611111111112 0.09753125000000003 0.1624305555555556
0 0.4775390625 0.49175 0.05481250000000006 0.09690277777777775
0 0.8647500000000001 0.5173611111111112 0.07092187500000016 0.1132777777777777