1 0.351171875 0.5180555555555556 0.08515625 0.1
0 0.2971171875 0.6106805555555556 0.07653906250000002 0.14833333333333326
0 0.043609375 0.6875 0.084046875 0.171875
0 0.5688046875 0.4429166666666666 0.029195312499999914 0.08298611111111111
1 0.6279296875 0.40776388888888887 0.03595312499999999 0.0716666666666667
0 0.646484375 0.45602777777777775 0.044859375000000055 0.08312500000000003
0 0.703125 0.5611944444444444 0.07836718749999996 0.17372222222222228
1 0.12432812499999998 0.7356805555555557 0.10876562500000002 0.1675277777777777
1 0.5833515625000001 0.6666666666666666 0.09808593749999997 0.16416666666666674
1 0.746953125 0.4115833333333333 0.04319531249999997 0.08326388888888896
0 0.21814062500000003 0.5989583333333334 0.07489062500000002 0.13194444444444445
0 0.9228515625 0.61025 0.10015624999999986 0.17969444444444443
0 0.476078125 0.4908888888888889 0.05646093749999999 0.1018333333333334
0 0.9609375 0.5256111111111111 0.06781250000000014 0.1444166666666667
0 0.8842812500000001 0.5165 0.0690312500000001 0.13368055555555555
1 0.91015625 0.7278611111111111 0.12658593750000016 0.22894444444444442
0 0.7041015625 0.41774999999999995 0.040101562499999945 0.08062499999999993
0 0.54296875 0.500875 0.05023437499999996 0.10508333333333329