0 0.033875 0.687625 0.06775 0.1754027777777778
1 0.12015625 0.7462777777777778 0.10814062499999996 0.16355555555555554
1 0.24205468749999998 0.5852361111111111 0.06830468749999996 0.1180277777777778
0 0.3564375 0.5207361111111111 0.05278124999999996 0.1007222222222222
1 0.3125 0.603625 0.11119531250000003 0.16130555555555554
0 0.4295625 0.5326527777777778 0.09259374999999999 0.13368055555555555
0 0.52715625 0.5079583333333334 0.07150781249999998 0.09461111111111112
0 0.555703125 0.43244444444444446 0.04478906249999994 0.06434722222222228
0 0.63996875 0.46181944444444445 0.058968750000000014 0.09023611111111116
1 0.652296875 0.37922222222222224 0.06199999999999992 0.07749999999999997
0 0.7062265625 0.4157361111111111 0.05475781249999993 0.0822777777777778
1 0.7853203125 0.4270555555555556 0.050070312500000026 0.0942638888888889
1 0.571796875 0.6938888888888889 0.11239062499999992 0.18347222222222218
0 0.69903125 0.5722083333333333 0.08466406249999991 0.14937499999999992
1 0.79915625 0.5945555555555555 0.09626562500000002 0.17830555555555555
1 0.79003125 0.4914444444444444 0.058835937499999956 0.05758333333333338
0 0.8767265625 0.5011944444444445 0.06569531250000012 0.09779166666666662
0 0.92175 0.4464027777777778 0.04448437500000004 0.0621388888888889
1 0.9794296875 0.46395833333333336 0.026875000000000072 0.053291666666666675
1 0.9379453124999999 0.5099722222222223 0.05558593750000007 0.0841666666666667
1 0.9128437500000001 0.5737361111111111 0.08966406249999999 0.12302777777777783
1 0.9096484374999999 0.7022638888888889 0.14093750000000008 0.24326388888888895
0 0.4781953125 0.4868333333333333 0.05422656250000006 0.08983333333333342