0 0.03665625 0.6891527777777777 0.07264062499999999 0.18034722222222224
1 0.1209375 0.7395 0.10911718749999996 0.16016666666666657
0 0.20491406250000002 0.596375 0.09478125000000001 0.13895833333333327
1 0.34534375 0.5335972222222222 0.08013281250000004 0.129
0 0.2760546875 0.6176666666666667 0.096671875 0.1393055555555555
0 0.4262734375 0.5326527777777778 0.10114062500000003 0.13368055555555555
0 0.5307890625 0.5082638888888888 0.07799218749999995 0.09441666666666669
0 0.555703125 0.43825000000000003 0.04478906249999994 0.07597222222222229
0 0.6387968749999999 0.46293055555555557 0.056625000000000016 0.08802777777777777
1 0.571515625 0.366 0.05846874999999994 0.07148611111111115
0 0.686328125 0.4134722222222222 0.03592968750000001 0.07238888888888889
1 0.5670625 0.6769305555555556 0.1054609375 0.21350000000000005
0 0.69715625 0.5669027777777778 0.08435937500000001 0.15190277777777778
1 0.7928671875 0.49245833333333333 0.052109375000000034 0.07100000000000001
1 0.8733359374999999 0.511875 0.0639765624999999 0.11970833333333325
1 0.91784375 0.45862499999999995 0.05353124999999999 0.10745833333333334
1 0.9551640625 0.5180694444444445 0.0537968750000001 0.13524999999999998
1 0.8863828125 0.6249305555555555 0.0977421875000001 0.14909722222222224
0 0.48178124999999994 0.4708333333333333 0.05692968750000009 0.08424999999999995
1 0.74053125 0.4268472222222222 0.05980468749999997 0.12204166666666667
0 0.6170546875 0.3993055555555556 0.04435156249999998 0.06130555555555554
1 0.7998359374999999 0.5969583333333334 0.10057031250000001 0.17594444444444438
1 0.9569296875 0.7035694444444445 0.05782812499999999 0.24363888888888882
1 0.987859375 0.45125 0.011874999999999858 0.04484722222222217