1 0.2626953125 0.587504029658285 0.0625 0.11945250376101436
1 0.1561279296875 0.7529950994877855 0.10626220703125 0.22105096286445997
0 0.06756591796875 0.6905381944444444 0.09967041015625 0.171875
1 0.333984375 0.6115154761265134 0.07952880859375 0.1650882439196934
0 0.5068359375 0.4848090277777778 0.05499267578125 0.0935329861111111
1 0.71728515625 0.4105902777777778 0.04168701171875 0.08121744791666667
1 0.7643868821839904 0.4029982145361832 0.049076577428894194 0.1463827137945886
0 0.73681640625 0.5460069444444444 0.07171630859375 0.1713324652777778
1 0.8473689604128465 0.4821322488906851 0.07529212004444333 0.07960737972581455
1 0.90966796875 0.5006210176452587 0.07904052734375 0.10464915334607289
1 0.826171875 0.5828993055555556 0.10125732421875 0.1618923611111111
0 0.9462830321591899 0.6995968026287602 0.10743393568161999 0.210493335393632
1 0.6572265625 0.4025607638888889 0.053192138671875 0.07709418402777778
0 0.384765625 0.5190972222222222 0.0616455078125 0.11469184027777778
1 0.96142578125 0.6015625 0.0699462890625 0.13758680555555555
0 0.978515625 0.5 0.040924072265625 0.09065755208333333
0 0.5869140625 0.5069444444444444 0.03704833984375 0.0881618923611111
1 0.59228515625 0.3812934027777778 0.03912353515625 0.1694878472222222