0 0.12469531250000002 0.734125 0.09680468749999999 0.17625000000000005
1 0.5530625 0.43595833333333334 0.05280468749999993 0.06750000000000003
1 0.6294296875 0.39986111111111106 0.04857031250000006 0.0601527777777777
1 0.7420312499999999 0.4398055555555556 0.050843749999999945 0.13491666666666666
0 0.8886796875 0.5002222222222222 0.05485156250000003 0.08872222222222222
0 0.6498125 0.461125 0.04110937499999991 0.0957361111111112
0 0.8041328125 0.48781944444444447 0.07588281250000009 0.08209722222222224
0 0.91178125 0.5954166666666667 0.09200000000000016 0.1728194444444444
1 0.9645625000000001 0.7171805555555556 0.06807031250000009 0.22795833333333324
0 0.5444375 0.49956944444444445 0.0546875 0.10145833333333328
0 0.360109375 0.5134583333333333 0.05612500000000002 0.11599999999999998
0 0.9594765625000001 0.5225694444444444 0.06683593750000014 0.14962500000000004
0 0.0433671875 0.6827222222222223 0.086609375 0.16948611111111114
0 0.229734375 0.5855 0.08557031249999998 0.1412777777777778
0 0.47485156249999994 0.4900138888888889 0.05441406250000007 0.1018333333333334
0 0.581546875 0.663625 0.10052343750000006 0.17904166666666663
0 0.7998046875 0.5833333333333334 0.09417968750000005 0.17622222222222222
1 0.309328125 0.6041666666666666 0.08135937499999998 0.15679166666666663
0 0.702640625 0.5538194444444444 0.07306249999999999 0.1674305555555555
0 0.702640625 0.41927777777777775 0.03790624999999999 0.08848611111111117
0 0.56640625 0.47005555555555556 0.046812500000000055 0.15397222222222223