1 0.058804687499999994 0.676263888888889 0.07186718749999998 0.18579166666666672
1 0.1159921875 0.7483333333333333 0.1138671875 0.17163888888888887
0 0.2066015625 0.6052083333333333 0.09546093749999998 0.12083333333333333
1 0.3457421875 0.5328888888888889 0.08013281250000004 0.129
0 0.28292968749999997 0.6123055555555555 0.08743749999999997 0.13148611111111105
0 0.424109375 0.5326527777777778 0.10350000000000001 0.13368055555555555
0 0.5307890625 0.5082638888888888 0.07799218749999995 0.09441666666666669
0 0.555703125 0.43825000000000003 0.04478906249999994 0.07597222222222229
0 0.6387968749999999 0.46293055555555557 0.056625000000000016 0.08802777777777777
1 0.5708203125 0.366 0.05846874999999994 0.07148611111111115
0 0.686328125 0.4134722222222222 0.03592968750000001 0.07238888888888889
1 0.576640625 0.6907916666666667 0.12141406250000006 0.19147222222222215
0 0.69715625 0.5669027777777778 0.08435937500000001 0.15190277777777778
1 0.7928671875 0.49245833333333333 0.052109375000000034 0.07100000000000001
1 0.8795703125 0.5008194444444444 0.057601562500000016 0.10375000000000006
0 0.9197656249999999 0.4558333333333333 0.04549999999999983 0.10187500000000003
1 0.964703125 0.5177499999999999 0.054054687500000045 0.12906944444444454
1 0.8928203124999999 0.6174722222222222 0.11085937500000007 0.1635277777777778
0 0.48264843749999997 0.47779166666666667 0.05953906250000003 0.08424999999999995
1 0.74053125 0.4268472222222222 0.05980468749999997 0.12204166666666667
0 0.6170546875 0.3993055555555556 0.04435156249999998 0.06130555555555554
1 0.8010390624999999 0.5969583333333334 0.10296875000000005 0.17594444444444438
1 0.958921875 0.7052499999999999 0.08215624999999989 0.24859722222222225