0 0.033875 0.6873333333333334 0.06775 0.17598611111111115
1 0.11767968749999999 0.7415833333333334 0.1091328125 0.17293055555555553
1 0.2341796875 0.5849444444444445 0.06160156250000002 0.11863888888888884
0 0.344859375 0.5251805555555555 0.07594531250000003 0.09593055555555546
0 0.29007031250000004 0.6061805555555555 0.07927343750000002 0.14623611111111107
0 0.43171875000000004 0.5326527777777778 0.09689843749999998 0.13368055555555555
0 0.52715625 0.5079583333333334 0.07150781249999998 0.09461111111111112
0 0.555703125 0.4372361111111111 0.04478906249999994 0.07393055555555558
0 0.63996875 0.46181944444444445 0.058968750000000014 0.09023611111111116
1 0.655109375 0.36051388888888886 0.06546874999999996 0.11734722222222224
0 0.69159375 0.4092638888888889 0.03370312500000008 0.07876388888888894
0 0.5706015625 0.6887916666666667 0.10999999999999996 0.1936666666666666
0 0.6967187499999999 0.5666388888888889 0.08004687500000003 0.1605138888888888
1 0.8011171875 0.5932499999999999 0.1047968749999999 0.1802916666666666
1 0.790453125 0.48916666666666664 0.05666406250000007 0.057541666666666595
0 0.8770546875 0.5000277777777777 0.06569531250000012 0.09779166666666662
0 0.9192734375 0.4603888888888889 0.05515624999999993 0.0901111111111111
1 0.9640000000000001 0.5274166666666666 0.05734375000000007 0.1540833333333334
0 0.9009765625 0.5735694444444445 0.10592187499999994 0.11226388888888894
1 0.933015625 0.7053888888888888 0.08499218749999997 0.24187500000000003
0 0.47915625000000006 0.49259722222222224 0.05615624999999991 0.08558333333333334
1 0.7356953125000001 0.40452777777777776 0.06300000000000008 0.1769583333333333