0 0.0375234375 0.6884027777777777 0.0746328125 0.18259722222222227
0 0.11866406249999999 0.7420833333333333 0.11393750000000002 0.1819166666666667
0 0.2074765625 0.596 0.098828125 0.12922222222222218
1 0.2973359375 0.6106805555555556 0.08338281250000001 0.13643055555555558
0 0.35796875 0.5281666666666667 0.07745312499999998 0.12263888888888883
0 0.4383828125 0.53125 0.08120312500000004 0.13643055555555558
0 0.47628125 0.49111111111111116 0.05916406250000002 0.08936111111111116
0 0.5385234375 0.49966666666666665 0.06382812500000004 0.0957916666666667
0 0.5591875 0.43383333333333335 0.04196093750000003 0.0680277777777778
1 0.6402265625 0.4635694444444444 0.055445312500000024 0.08309722222222228
1 0.62590625 0.4026527777777778 0.0580078125 0.06116666666666662
0 0.6908359374999999 0.4161944444444445 0.05650781249999994 0.06779166666666675
1 0.73971875 0.4330972222222222 0.05407031250000003 0.11862499999999995
0 0.582859375 0.6698333333333333 0.11475000000000009 0.2020972222222222
0 0.7008046875 0.5589166666666667 0.08793749999999996 0.17248611111111103
1 0.771671875 0.5115138888888889 0.07139062500000008 0.08012499999999992
0 0.8063437499999999 0.5997361111111111 0.10919531249999999 0.17816666666666664
1 0.93921875 0.7089583333333334 0.0872187499999999 0.23800000000000002
1 0.94078125 0.577 0.06661718749999998 0.07283333333333325
1 0.9112500000000001 0.47304166666666664 0.08349218749999991 0.12655555555555556
0 0.9748203125 0.5201250000000001 0.03535937500000017 0.13312500000000002