0 0.712890625 0.5616388888888889 0.07696874999999999 0.18738888888888883
0 0.9131640624999999 0.46619444444444447 0.0342656250000001 0.07899999999999999
0 0.5830546875 0.6581805555555555 0.10263281249999992 0.18549999999999991
0 0.3544921875 0.5208333333333334 0.06597656250000003 0.11729166666666672
0 0.8837890625 0.5112916666666667 0.06585937500000014 0.12522222222222218
0 0.8042031250000001 0.5829027777777778 0.09466406250000006 0.16774999999999995
0 0.6455078125 0.4908888888888889 0.04351562500000004 0.1518055555555555
1 0.751953125 0.41384722222222226 0.04024999999999999 0.08604166666666672
0 0.5629921875 0.4479166666666667 0.049406250000000006 0.09147222222222225
0 0.47778124999999994 0.48827777777777776 0.05685156249999999 0.10388888888888882
0 0.9604531250000001 0.5264722222222222 0.06536718750000006 0.1451805555555555
0 0.1221953125 0.7482638888888888 0.1005234375 0.18152777777777784
0 0.7021484375 0.43163888888888885 0.04385156250000009 0.1087777777777777
1 0.276125 0.609375 0.08361718749999998 0.14204166666666665
0 0.9208984375 0.5737916666666667 0.06585937500000014 0.10334722222222217
1 0.21935937499999997 0.5820277777777778 0.06021093749999997 0.1433333333333334
0 0.041140625 0.6870694444444444 0.0810546875 0.17740277777777771
0 0.538578125 0.5078194444444445 0.05023437499999996 0.09406944444444447
0 0.6240234375 0.4027777777777778 0.038023437500000055 0.06852777777777783