0 0.55859375 0.4453333333333333 0.044859375000000055 0.08934722222222227
1 0.9327343750000001 0.7141527777777779 0.09210937500000008 0.25202777777777785
1 0.6339921875 0.4038055555555556 0.04215625000000003 0.056083333333333325
1 0.892578125 0.6037361111111111 0.0745234374999999 0.15375000000000005
1 0.7296640625 0.4523611111111111 0.07514843750000004 0.1029722222222222
0 0.6461406249999999 0.4542361111111111 0.04350000000000005 0.0838055555555556
1 0.8883828125000001 0.495 0.07448437500000012 0.1073888888888888
0 0.9663125000000001 0.532125 0.055296875000000155 0.14387500000000003
1 0.7882265625 0.48381944444444447 0.06007031250000008 0.09372222222222225
1 0.538578125 0.5017361111111112 0.05582031250000004 0.10448611111111114
0 0.216796875 0.5837638888888889 0.07543749999999998 0.1303194444444445
0 0.3005390625 0.617625 0.0751953125 0.1656944444444444
1 0.380375 0.5208333333333334 0.05420312499999995 0.1212083333333333
1 0.7055703125 0.5664027777777778 0.08435156250000002 0.13802777777777778
0 0.6884765625 0.4145 0.03235156250000006 0.07399999999999997
0 0.0333828125 0.6922777777777778 0.0647578125 0.1755694444444444
1 0.1212734375 0.7517361111111112 0.10632031249999999 0.1857638888888889
0 0.5883828125 0.6493055555555556 0.09027343749999997 0.20334722222222226
0 0.4751015625 0.49869444444444444 0.05529687499999998 0.09565277777777778
1 0.802734375 0.5894166666666667 0.08539062500000005 0.16048611111111105