0 0.036351562500000004 0.6884027777777777 0.07229687500000001 0.18259722222222227
0 0.1164609375 0.7420833333333333 0.11835156250000001 0.1819166666666667
0 0.2110859375 0.5922361111111112 0.10604687500000001 0.13673611111111117
1 0.293328125 0.6099722222222222 0.09140625 0.1378611111111111
1 0.3540546875 0.5281666666666667 0.06960937500000001 0.12263888888888883
1 0.44548437500000004 0.5286527777777777 0.056906249999999936 0.14162500000000003
0 0.478609375 0.4898194444444445 0.05450781249999999 0.08779166666666671
0 0.5398359375 0.49720833333333336 0.06646093749999996 0.1007222222222222
0 0.5591875 0.43444444444444447 0.04196093750000003 0.06681944444444446
1 0.6402265625 0.4635694444444444 0.055445312500000024 0.08309722222222228
1 0.6209374999999999 0.4026527777777778 0.04807812499999997 0.06116666666666662
0 0.6893984375 0.4165277777777777 0.05764062499999998 0.06712500000000006
1 0.7384062499999999 0.4330972222222222 0.056703124999999945 0.11862499999999995
0 0.582859375 0.6698333333333333 0.11475000000000009 0.2020972222222222
0 0.699671875 0.5656805555555556 0.0848593750000001 0.1575277777777777
1 0.771671875 0.5107361111111112 0.07139062500000008 0.08168055555555548
1 0.8049375 0.5975972222222222 0.10639062499999996 0.18244444444444446
1 0.938828125 0.7089583333333334 0.0879999999999999 0.23800000000000002
1 0.9411796875 0.5730694444444444 0.06661718749999998 0.07498611111111113
1 0.9057031249999999 0.47590277777777773 0.08115625000000008 0.1104583333333333
0 0.9748203125 0.5185694444444444 0.03535937500000017 0.13312500000000002