0 0.0398125 0.6819166666666667 0.0789453125 0.17197222222222214
1 0.1209375 0.7430694444444444 0.10911718749999996 0.16016666666666657
0 0.2041171875 0.5889027777777778 0.08963281250000002 0.13208333333333336
1 0.3365859375 0.5265 0.07200781249999996 0.09470833333333326
0 0.2826640625 0.6141527777777778 0.10153906250000003 0.14705555555555555
0 0.419296875 0.5326527777777778 0.09964062499999997 0.13368055555555555
0 0.5301484375000001 0.5036111111111111 0.07928125000000001 0.10372222222222231
0 0.555703125 0.43825000000000003 0.04478906249999994 0.07597222222222229
0 0.6387968749999999 0.46293055555555557 0.056625000000000016 0.08802777777777777
1 0.5776640625 0.3655694444444444 0.059328125000000044 0.07377777777777779
0 0.6909296875 0.4163888888888889 0.04178125000000001 0.08002777777777778
0 0.56875 0.6796944444444445 0.10815625000000004 0.20818055555555562
0 0.7026796875 0.5627083333333333 0.09196875000000002 0.1648472222222223
1 0.7901171875 0.4858611111111111 0.05666406249999998 0.056875000000000064
1 0.8696484375000001 0.5102777777777777 0.06192968749999998 0.1113611111111112
1 0.905125 0.45105555555555554 0.043187500000000156 0.06777777777777771
1 0.94846875 0.5059583333333334 0.04906250000000014 0.08854166666666667
0 0.8999062500000001 0.6058333333333333 0.12353124999999991 0.18645833333333334
0 0.48092187500000005 0.4726388888888889 0.06635937500000004 0.09587499999999996
1 0.74446875 0.4377638888888889 0.058679687499999925 0.13594444444444445
1 0.9830625 0.4631527777777778 0.020960937499999943 0.05862500000000005
0 0.6206953125 0.40197222222222223 0.051640624999999926 0.06663888888888891
0 0.7938359375 0.5925555555555555 0.08856249999999992 0.1847361111111111
1 0.9488125000000001 0.7172083333333333 0.09453906250000017 0.20561111111111105