0 0.0385390625 0.6884027777777777 0.07666406249999999 0.18259722222222227
0 0.11564062500000001 0.7531527777777778 0.11876562500000003 0.19081944444444435
0 0.20702343750000002 0.5958194444444445 0.09612499999999999 0.12959722222222214
0 0.2973359375 0.6111944444444445 0.08338281250000001 0.13538888888888892
1 0.3603984375 0.5208333333333334 0.08230468750000001 0.12522222222222218
1 0.4391484375 0.5315972222222223 0.07185156250000002 0.13575
0 0.47628125 0.49111111111111116 0.05916406250000002 0.08936111111111116
0 0.537109375 0.49966666666666665 0.06099218749999995 0.0957916666666667
0 0.5591875 0.43383333333333335 0.04196093750000003 0.0680277777777778
1 0.6402265625 0.4621944444444444 0.055445312500000024 0.08584722222222214
1 0.6238671874999999 0.4055277777777778 0.05393749999999997 0.05543055555555551
0 0.6813828125 0.41138888888888886 0.03759374999999991 0.06779166666666675
1 0.73409375 0.4330972222222222 0.0653281250000001 0.11862499999999995
1 0.5890546875 0.6611388888888888 0.12713281250000003 0.21468055555555546
0 0.7036796875 0.5605416666666666 0.09367968750000007 0.1692638888888889
1 0.781421875 0.49213888888888885 0.06876562499999998 0.09008333333333335
0 0.8026406250000001 0.5997361111111111 0.10178125000000007 0.17816666666666664
1 0.9483203124999999 0.7021388888888889 0.06900781249999995 0.24362499999999995
0 0.9016093749999999 0.6008194444444445 0.06932031250000001 0.11638888888888882
1 0.9083125000000001 0.47384722222222225 0.08122656249999985 0.12655555555555556
0 0.9748203125 0.5201250000000001 0.03535937500000017 0.13312500000000002