1 0.812640625 0.5910833333333333 0.12455468749999996 0.1709444444444445
0 0.58415625 0.673875 0.11633593750000007 0.18930555555555564
1 0.9174765624999999 0.7220694444444444 0.11248437500000001 0.21334722222222216
1 0.12339843749999999 0.7334027777777777 0.10786718749999999 0.16949999999999996
0 0.536875 0.49869444444444444 0.06103124999999991 0.10037499999999998
0 0.90253125 0.42986111111111114 0.022015624999999872 0.044513888888888825
1 0.6406875000000001 0.4638055555555555 0.0552734375 0.08940277777777779
0 0.47371093750000004 0.4876388888888889 0.06519531250000003 0.08488888888888889
1 0.73553125 0.426375 0.06415624999999991 0.11511111111111111
0 0.8788125000000001 0.47847222222222224 0.04499999999999993 0.07279166666666662
0 0.3585 0.5221388888888889 0.07622656249999996 0.12498611111111112
0 0.682125 0.41427777777777774 0.04306249999999991 0.07020833333333328
0 0.9079062499999999 0.5847638888888889 0.09571093750000018 0.10337500000000009
1 0.769109375 0.5021805555555555 0.06776562499999991 0.10319444444444438
1 0.290546875 0.609375 0.09205468750000004 0.1590694444444444
0 0.2037421875 0.5964444444444444 0.08872656250000002 0.13498611111111103
1 0.621515625 0.4020416666666667 0.050382812500000006 0.05738888888888896
0 0.5576171875 0.4344722222222222 0.04568750000000001 0.06486111111111117
0 0.03790625000000001 0.6849027777777777 0.0739765625 0.18120833333333336
0 0.69621875 0.5583055555555556 0.07390624999999992 0.17049999999999998
1 0.9362890625 0.49254166666666666 0.053101562499999845 0.09743055555555552
0 0.976875 0.5243888888888889 0.031070312499999985 0.13736111111111107