1 0.12139843749999998 0.7368333333333333 0.106453125 0.1684444444444444
1 0.312015625 0.6050416666666667 0.08123437500000001 0.16450000000000006
1 0.3603515625 0.5182361111111111 0.05697656250000005 0.11881944444444438
1 0.5650234375000001 0.3702777777777778 0.031468749999999976 0.15070833333333333
1 0.625921875 0.3945416666666667 0.04157812500000002 0.049486111111111106
1 0.7419140625 0.4494444444444445 0.04998437500000001 0.15768055555555552
1 0.9154921874999999 0.5876111111111111 0.08445312499999993 0.14366666666666658
1 0.8039999999999999 0.5856805555555555 0.09085156249999997 0.16252777777777774
0 0.8814765625 0.49951388888888887 0.05940624999999997 0.08593055555555557
1 0.5954531249999999 0.6559305555555556 0.08747656250000002 0.17651388888888886
0 0.8151875000000001 0.49427777777777776 0.055781250000000074 0.10259722222222223
0 0.04385156250000001 0.6870694444444444 0.083859375 0.1755694444444444
1 0.21838281249999997 0.5750833333333334 0.08508593749999997 0.13270833333333326
0 0.9609375 0.5286527777777777 0.061765624999999956 0.1451805555555555
1 0.6923828125 0.5507777777777778 0.08758593749999992 0.16134722222222217
0 0.4775390625 0.48480555555555555 0.05291406250000001 0.09288888888888888
1 0.908203125 0.7178888888888889 0.11633593749999989 0.25455555555555553
0 0.5478515625 0.5004305555555556 0.05728124999999995 0.09218055555555556
0 0.701171875 0.4151527777777778 0.04092187500000009 0.07974999999999995
0 0.6411171875 0.4557361111111111 0.04346093750000009 0.09184722222222222
1 0.5876015625 0.38681944444444444 0.03960937500000004 0.12395833333333334