0 0.5805078124999999 0.6629583333333332 0.11224218750000006 0.15027777777777776
0 0.6977578125 0.5572916666666666 0.08849999999999998 0.15961111111111106
0 0.8022500000000001 0.5811666666666666 0.09930468750000002 0.16894444444444442
1 0.744578125 0.42236111111111113 0.04217968750000001 0.1063055555555555
0 0.7006484375 0.41433333333333333 0.04458593749999995 0.08936111111111116
0 0.6260390625000001 0.39986111111111106 0.04568750000000001 0.07220833333333335
1 0.904296875 0.461375 0.05193750000000001 0.10275000000000002
0 0.6419921875 0.46397222222222223 0.05714062500000008 0.10230555555555551
1 0.9482421875 0.7330694444444443 0.07739062499999996 0.22504166666666664
0 0.1255703125 0.7287361111111111 0.090140625 0.19479166666666667
1 0.28003125 0.6037361111111111 0.07764062499999999 0.14312499999999995
0 0.35315625 0.5175000000000001 0.0650390625 0.11847222222222216
0 0.7749062499999999 0.49393055555555554 0.05856249999999994 0.11663888888888892
0 0.96484375 0.5299444444444444 0.061093749999999857 0.14670833333333333
0 0.5432109374999999 0.5045694444444445 0.05517968750000009 0.10637500000000004
0 0.479984375 0.4915555555555556 0.0595703125 0.12547222222222226
0 0.5629375 0.4366111111111111 0.042640624999999946 0.10086111111111112
0 0.8695859374999999 0.492875 0.037109375 0.07615277777777783