1 0.3313984375 0.6038888888888889 0.08296093749999996 0.16970833333333324
1 0.7109375 0.5516527777777778 0.07464843749999997 0.16774999999999995
1 0.745828125 0.43720833333333337 0.046250000000000034 0.1393888888888889
1 0.629484375 0.39558333333333334 0.03783593750000005 0.05065277777777782
1 0.893953125 0.5575833333333333 0.06478906249999987 0.06448611111111104
0 0.88434375 0.4969305555555556 0.06499218750000005 0.0844722222222223
0 0.8086718749999999 0.48097222222222225 0.05660937500000003 0.07706944444444445
1 0.60021875 0.6456805555555556 0.09533593749999998 0.18801388888888898
1 0.89353125 0.6927222222222222 0.12483593749999997 0.23552777777777775
0 0.7008828125 0.4129027777777778 0.04128906249999993 0.07730555555555552
1 0.81115625 0.5679027777777778 0.08253124999999999 0.1426111111111112
0 0.0451953125 0.6879305555555556 0.08465625 0.17165277777777782
0 0.47729687500000006 0.48220833333333335 0.05511718749999996 0.0963611111111111
1 0.36475 0.5190972222222222 0.06756250000000001 0.1179444444444444
1 0.2509765625 0.579 0.08209375000000003 0.15018055555555554
0 0.1187734375 0.7421944444444445 0.10687500000000001 0.1870694444444445
0 0.6391640625 0.4618055555555556 0.04410156250000004 0.08538888888888892
0 0.542484375 0.5021666666666667 0.044921875 0.09705555555555555
1 0.6586953125 0.6766527777777779 0.06671093750000008 0.13368055555555564
0 0.9593984375 0.5311250000000001 0.07171875000000014 0.1454027777777777
1 0.86625 0.4040138888888889 0.05818750000000002 0.1334305555555555