1 0.3552265625 0.5199722222222222 0.06927343749999997 0.10801388888888887
0 0.965265625 0.5247222222222222 0.05650781249999994 0.1400555555555556
1 0.7448359375 0.4387777777777778 0.04216406250000002 0.1395416666666667
1 0.9263203125 0.5706527777777778 0.08400781250000015 0.10366666666666664
0 0.7060546875 0.5629305555555556 0.07610937500000006 0.16797222222222213
1 0.56003125 0.44198611111111114 0.058710937500000074 0.0685972222222222
0 0.649546875 0.4605416666666666 0.04176562500000003 0.09262499999999992
1 0.8026953125 0.6265416666666667 0.1056718749999999 0.2945416666666666
1 0.9121328125 0.7369444444444445 0.10139843749999997 0.2074305555555555
1 0.6288125 0.40004166666666663 0.03767968750000002 0.05713888888888887
0 0.2189921875 0.5933194444444444 0.07641406250000002 0.13074999999999998
0 0.880859375 0.515625 0.06683593750000014 0.13194444444444445
0 0.2993203125 0.6106805555555556 0.07586718750000002 0.1507222222222222
1 0.1259765625 0.75 0.10192968750000002 0.18901388888888884
0 0.042812499999999996 0.6853333333333333 0.0843515625 0.17165277777777782
1 0.6157265625 0.6645000000000001 0.09875781250000007 0.16395833333333334
0 0.54296875 0.5013055555555556 0.05090625000000006 0.10470833333333332
0 0.9096718750000001 0.46441666666666664 0.044007812499999945 0.10037499999999998
0 0.6997109375 0.42209722222222223 0.04092187500000009 0.08381944444444447
0 0.47582812499999994 0.48654166666666665 0.05749218749999994 0.10145833333333328