0 0.0398125 0.6819166666666667 0.0789453125 0.17197222222222214
1 0.1209375 0.7430694444444444 0.10911718749999996 0.16016666666666657
0 0.2041171875 0.5889027777777778 0.08963281250000002 0.13208333333333336
1 0.3365859375 0.5296944444444445 0.07200781249999996 0.09470833333333341
0 0.2826640625 0.6141527777777778 0.10153906250000003 0.14705555555555555
0 0.419296875 0.5326527777777778 0.09964062499999997 0.13368055555555555
0 0.5301484375000001 0.5036111111111111 0.07928125000000001 0.10372222222222231
0 0.555703125 0.43825000000000003 0.04478906249999994 0.07597222222222229
0 0.6387968749999999 0.46293055555555557 0.056625000000000016 0.08802777777777777
1 0.5785625 0.366375 0.059328125000000044 0.07377777777777779
1 0.6880078125 0.41758333333333336 0.03592968750000001 0.07762499999999999
1 0.604515625 0.6745 0.1796875 0.21856944444444454
0 0.7038046875 0.5627083333333333 0.09421874999999993 0.1648472222222223
1 0.7901171875 0.4890555555555556 0.05666406249999998 0.06326388888888883
1 0.8696484375000001 0.5102777777777777 0.06192968749999998 0.1113611111111112
0 0.9150234375 0.4590416666666667 0.05398437499999993 0.11254166666666662
1 0.9601640625 0.5143472222222222 0.04186718750000011 0.1277083333333334
1 0.9212734375 0.5802499999999999 0.09159374999999984 0.11293055555555548
0 0.48092187500000005 0.4726388888888889 0.06635937500000004 0.09587499999999996
1 0.7417734375 0.43137499999999995 0.06407812499999999 0.12315277777777772
1 0.9830625 0.4631527777777778 0.020960937499999943 0.05862500000000005
0 0.6206953125 0.40197222222222223 0.051640624999999926 0.06663888888888891
0 0.7938359375 0.5969583333333334 0.08856249999999992 0.17594444444444438
1 0.9031484375 0.7068194444444444 0.1471718750000001 0.24718055555555551