0 0.033875 0.687625 0.06775 0.1754027777777778
1 0.12015625 0.7408472222222222 0.10814062499999996 0.16355555555555554
0 0.20475781249999997 0.5949444444444445 0.09155468749999998 0.13477777777777772
0 0.345453125 0.5318055555555555 0.07717968749999997 0.11130555555555553
0 0.43081250000000004 0.5295972222222223 0.09048437499999995 0.13804166666666665
0 0.48167187499999997 0.48177777777777775 0.05478124999999991 0.09443055555555557
0 0.5348828125 0.5050694444444445 0.05767187499999995 0.10038888888888885
0 0.5559062499999999 0.43244444444444446 0.04519531249999993 0.06434722222222228
0 0.63996875 0.46181944444444445 0.058968750000000014 0.09023611111111116
1 0.621328125 0.35686111111111113 0.05132031250000004 0.11188888888888893
0 0.6947421874999999 0.41225 0.043656250000000084 0.07840277777777784
1 0.748578125 0.43156944444444445 0.05711718749999992 0.11681944444444446
1 0.571796875 0.6938888888888889 0.11239062499999992 0.18347222222222218
0 0.69903125 0.5722083333333333 0.08466406249999991 0.14937499999999992
1 0.8021484375 0.5916805555555555 0.10650781249999994 0.18663888888888888
1 0.8034531250000001 0.48969444444444443 0.05354687499999997 0.05974999999999998
0 0.8759140625 0.5011944444444445 0.06732031250000006 0.09779166666666662
0 0.9221562499999999 0.4417083333333333 0.04448437500000004 0.055638888888888814
1 0.9840937500000001 0.4654583333333333 0.018343750000000013 0.06404166666666669
1 0.943734375 0.5052777777777778 0.06531249999999993 0.08055555555555556
0 0.9069453125000001 0.5784305555555556 0.06891406250000003 0.1396527777777777
1 0.914859375 0.7149305555555555 0.11196093749999995 0.22018055555555552