1 0.80271875 0.5962916666666667 0.10470312499999998 0.18136111111111117
0 0.5828046875 0.6846944444444445 0.11994531249999998 0.1676666666666667
1 0.948828125 0.7108472222222222 0.066015625 0.2277777777777777
1 0.1229453125 0.7402222222222222 0.10786718749999999 0.16068055555555563
0 0.536875 0.49869444444444444 0.06103124999999991 0.10037499999999998
0 0.90253125 0.43387499999999996 0.022914062499999943 0.06054166666666671
1 0.636625 0.4638055555555555 0.06339062500000008 0.08940277777777779
0 0.47709375 0.4876388888888889 0.07196093749999992 0.08488888888888889
1 0.7332734375000001 0.4295833333333334 0.06596093750000005 0.11511111111111111
0 0.8749765625 0.49370833333333336 0.052671875000000055 0.10325000000000005
1 0.357375 0.52575 0.08118749999999997 0.11937500000000006
0 0.682125 0.41427777777777774 0.04306249999999991 0.07020833333333328
0 0.9097109375000001 0.5859722222222222 0.08127343750000016 0.12983333333333336
1 0.7673046875 0.501375 0.0641562500000001 0.10159722222222219
0 0.2934765625 0.6085694444444445 0.08528906249999997 0.1478472222222223
0 0.2037421875 0.6016527777777778 0.08872656250000002 0.12456944444444436
0 0.621515625 0.4020416666666667 0.050382812500000006 0.05738888888888896
0 0.5576171875 0.4344722222222222 0.04568750000000001 0.06486111111111117
0 0.03790625000000001 0.6849027777777777 0.0739765625 0.18120833333333336
0 0.7011796875 0.5643194444444445 0.08382812499999996 0.16329166666666672
1 0.9473437499999999 0.48493055555555553 0.06528124999999996 0.12548611111111113