1 0.8008046875 0.6009305555555555 0.1008671875000001 0.1720694444444444
0 0.5828046875 0.6846944444444445 0.11994531249999998 0.1676666666666667
1 0.9556250000000001 0.7108472222222222 0.06566406250000015 0.2277777777777777
1 0.1229453125 0.7402222222222222 0.10786718749999999 0.16068055555555563
0 0.54715625 0.49869444444444444 0.04046874999999996 0.10037499999999998
0 0.9020078125 0.43604166666666666 0.023960937500000057 0.058680555555555555
1 0.6395859374999999 0.4638055555555555 0.05746874999999996 0.08940277777777779
1 0.73484375 0.42618055555555556 0.062124999999999986 0.11573611111111116
0 0.8749765625 0.49370833333333336 0.052671875000000055 0.10325000000000005
1 0.357375 0.52575 0.08118749999999997 0.11937500000000006
0 0.682125 0.41427777777777774 0.04306249999999991 0.07020833333333328
0 0.9097109375000001 0.5859722222222222 0.08127343750000016 0.12983333333333336
1 0.7673046875 0.501375 0.0641562500000001 0.10159722222222219
0 0.2934765625 0.6122916666666667 0.08528906249999997 0.1478472222222223
0 0.2037421875 0.5951527777777778 0.08872656250000002 0.1338611111111111
0 0.621515625 0.4020416666666667 0.050382812500000006 0.05738888888888896
0 0.5576171875 0.4344722222222222 0.04568750000000001 0.06486111111111117
0 0.03790625000000001 0.6849027777777777 0.0739765625 0.18120833333333336
0 0.7050156249999999 0.5643194444444445 0.0915000000000001 0.16329166666666672
1 0.9473437499999999 0.48120833333333335 0.06528124999999996 0.12548611111111113
1 0.5053671875 0.5361388888888888 0.06352343749999996 0.27725