1 0.055546874999999996 0.676263888888889 0.08145312499999999 0.18579166666666672
1 0.1220625 0.7424861111111112 0.10728125 0.16362499999999994
0 0.2081484375 0.5924027777777777 0.09389843749999997 0.13956944444444447
1 0.3733359375 0.5387083333333333 0.06374218749999998 0.11384722222222227
0 0.2803125 0.6068055555555555 0.08130468750000004 0.13833333333333336
0 0.43365625 0.5352777777777777 0.08702343750000004 0.1298194444444445
0 0.5322109375 0.5078611111111111 0.08197656250000004 0.09101388888888885
0 0.555703125 0.43825000000000003 0.04478906249999994 0.07597222222222229
0 0.6387968749999999 0.46293055555555557 0.056625000000000016 0.08802777777777777
1 0.5740703125 0.36237500000000006 0.058812499999999976 0.0757916666666667
1 0.6888984375 0.4144583333333334 0.041078124999999945 0.07040277777777769
1 0.576640625 0.6860277777777778 0.12141406250000006 0.19147222222222224
0 0.7028828125000001 0.5648194444444444 0.09659375000000008 0.1602361111111111
1 0.792484375 0.5027777777777778 0.052109375000000034 0.0930277777777778
1 0.8798828125 0.5115694444444444 0.06165625000000006 0.12386111111111105
0 0.9166953124999999 0.46294444444444444 0.05163281250000011 0.11473611111111114
1 0.982625 0.4572083333333333 0.0217656250000001 0.0743333333333333
1 0.9420624999999999 0.5718472222222223 0.09496093750000015 0.0920138888888889
0 0.4786171875 0.48694444444444446 0.050718750000000055 0.08493055555555552
1 0.7424375000000001 0.42783333333333334 0.055992187500000054 0.12005555555555547
0 0.61984375 0.3966666666666667 0.04397656249999997 0.06262500000000004
1 0.8260781250000001 0.5698611111111112 0.09643750000000004 0.16774999999999995
1 0.9449062500000001 0.7099583333333334 0.08023437499999986 0.2327777777777778