1 0.8799140624999999 0.5075138888888889 0.06847656250000007 0.09802777777777784
1 0.813390625 0.4862222222222222 0.05799999999999992 0.0845833333333333
1 0.9612109375 0.528625 0.06878906250000014 0.1275555555555556
1 0.9199453125 0.6984166666666667 0.11017968750000015 0.22604166666666667
1 0.814015625 0.5765972222222222 0.12387499999999996 0.13802777777777778
1 0.9139140625 0.5765 0.07248437500000016 0.0965694444444444
0 0.6884765625 0.5655416666666666 0.08374218750000004 0.14941666666666673
1 0.74553125 0.4418611111111111 0.046499999999999986 0.14079166666666668
1 0.5774140625 0.3732083333333333 0.053593749999999926 0.14365277777777774
0 0.498625 0.4795555555555555 0.06299218750000009 0.09798611111111105
1 0.5557109375 0.5028194444444444 0.056218750000000026 0.10037499999999998
1 0.12368749999999999 0.731625 0.09851562500000001 0.17113888888888892
0 0.22914062500000001 0.587 0.07413281249999999 0.12355555555555561
0 0.307859375 0.6139166666666667 0.07421875 0.1530694444444445
1 0.7098125 0.41402777777777783 0.04774218749999992 0.16108333333333336
0 0.36059375 0.5186666666666666 0.07397656249999995 0.1146944444444445
0 0.04559375 0.6857638888888888 0.0869140625 0.1689444444444445
1 0.630375 0.4025555555555555 0.05154687500000001 0.0745416666666666
1 0.8163359375000001 0.39709722222222227 0.04979687499999992 0.13293055555555558