1 0.6352578125 0.40343055555555557 0.046632812500000044 0.07497222222222225
1 0.5644609375 0.44762500000000005 0.04189062499999992 0.07948611111111113
1 0.5938984375 0.3973055555555556 0.04921093750000001 0.07866666666666665
0 0.7017890625 0.4098472222222222 0.039179687500000074 0.070125
0 0.8862656250000001 0.48834722222222227 0.0655390624999999 0.07641666666666665
1 0.74396875 0.44148611111111113 0.048499999999999946 0.14631944444444447
1 0.8125703124999999 0.48793055555555553 0.06875781250000008 0.08036111111111113
1 0.9526406250000001 0.5264722222222222 0.07922656249999989 0.14387500000000003
0 0.8037421874999999 0.5703750000000001 0.07632812499999994 0.1596388888888888
0 0.9380468750000001 0.7184444444444444 0.10272656250000019 0.2221805555555556
0 0.5427265625000001 0.5022222222222222 0.04651562499999997 0.09445833333333332
1 0.3830546875 0.5190972222222222 0.06671093749999998 0.12076388888888895
1 0.21399218750000001 0.5885416666666666 0.08154687499999999 0.13194444444444445
0 0.0420234375 0.6861944444444444 0.0834375 0.17404166666666676
0 0.11859375000000001 0.7565138888888889 0.10821874999999999 0.20508333333333337
0 0.90234375 0.594625 0.0960078124999999 0.17219444444444448
1 0.6328125 0.6458333333333334 0.08135937500000008 0.2115833333333333
0 0.69921875 0.555125 0.07250781249999996 0.16504166666666673
1 0.3056640625 0.6037361111111111 0.06573437499999998 0.1368333333333333
0 0.6411171875 0.4565972222222222 0.04639062500000009 0.09406944444444447
0 0.47632031250000006 0.48654166666666665 0.055601562500000055 0.09423611111111115