0 0.0385390625 0.6884027777777777 0.07666406249999999 0.18259722222222227
0 0.11564062500000001 0.7527916666666666 0.11876562500000003 0.1915416666666667
0 0.20702343750000002 0.5958194444444445 0.09612499999999999 0.12959722222222214
1 0.2973359375 0.6106805555555556 0.08338281250000001 0.13643055555555558
0 0.3603984375 0.5208333333333334 0.08230468750000001 0.12522222222222218
0 0.43665624999999997 0.53125 0.07954687499999995 0.13643055555555558
0 0.47628125 0.49111111111111116 0.05916406250000002 0.08936111111111116
0 0.5400546875 0.49966666666666665 0.06687499999999993 0.0957916666666667
0 0.5591875 0.43383333333333335 0.04196093750000003 0.0680277777777778
1 0.6402265625 0.4635694444444444 0.055445312500000024 0.08309722222222228
1 0.62590625 0.40351388888888884 0.0580078125 0.05944444444444438
0 0.6813828125 0.41138888888888886 0.03759374999999991 0.06779166666666675
1 0.73409375 0.4330972222222222 0.0653281250000001 0.11862499999999995
1 0.6032968750000001 0.6633055555555555 0.15562500000000004 0.21034722222222213
0 0.702609375 0.5637222222222222 0.09155468750000004 0.16288888888888886
1 0.771671875 0.5043194444444444 0.07139062500000008 0.06572222222222229
0 0.8026406250000001 0.5997361111111111 0.10178125000000007 0.17816666666666664
0 0.9016093749999999 0.6008194444444445 0.06932031250000001 0.11638888888888882
1 0.9094453124999999 0.47384722222222225 0.08349218749999991 0.12655555555555556
0 0.9748203125 0.5201250000000001 0.03535937500000017 0.13312500000000002
1 0.9470625 0.7049583333333334 0.07152343750000015 0.23800000000000002