0 0.585640625 0.6777222222222222 0.12301562500000003 0.18172222222222226
0 0.7030937500000001 0.5641388888888889 0.09133593750000006 0.16863888888888884
0 0.48606249999999995 0.47936111111111107 0.07731250000000003 0.09588888888888884
1 0.9406718749999999 0.7048888888888889 0.08739843749999991 0.23381944444444439
1 0.8046015625 0.6022361111111111 0.11022656250000003 0.17183333333333337
1 0.7438906249999999 0.4233055555555555 0.053132812499999994 0.10615277777777786
1 0.6402109375 0.46391666666666664 0.056601562500000036 0.08862499999999993
0 0.6899296875 0.4171111111111111 0.04373437500000001 0.07025000000000006
0 0.5380234374999999 0.5003194444444444 0.058476562499999926 0.09172222222222218
1 0.12366406249999999 0.7499722222222223 0.1045859375 0.18254166666666677
0 0.9716093750000001 0.5144583333333334 0.0438359375000001 0.12270833333333336
0 0.3621718749999999 0.5218888888888888 0.08631249999999997 0.11627777777777781
1 0.29703124999999997 0.6107083333333333 0.08293749999999997 0.14015277777777774
1 0.94746875 0.5789027777777778 0.06977343749999995 0.09391666666666668
1 0.7900859375 0.5042777777777777 0.10959375000000007 0.11324999999999995
0 0.6214062499999999 0.4031805555555556 0.048890624999999945 0.05848611111111113
0 0.5581171875 0.4333194444444445 0.04435937499999998 0.06318055555555557
1 0.42942187499999995 0.5276111111111111 0.08361718749999998 0.14075000000000004
0 0.20278125 0.6005277777777778 0.08670312500000002 0.12706944444444446
0 0.0364609375 0.6828333333333333 0.07291406250000002 0.17320833333333338
1 0.9079765625 0.47512499999999996 0.08299218750000001 0.11129166666666666