0 0.21862499999999999 0.5850694444444444 0.08050781249999998 0.14084722222222218
0 0.30859375 0.601125 0.05941406249999996 0.13563888888888884
0 0.632625 0.3938333333333333 0.04685156250000002 0.057124999999999995
1 0.5838515625 0.3846527777777778 0.045546874999999966 0.10427777777777779
1 0.55971875 0.43795833333333334 0.045882812500000016 0.07170833333333333
1 0.7429296875 0.4357083333333333 0.05417968749999993 0.13629166666666667
1 0.890625 0.5004305555555556 0.06585937500000014 0.08154166666666672
0 0.95703125 0.5221388888888889 0.07367187500000014 0.15625
1 0.9448593750000001 0.7203888888888889 0.10119531250000016 0.22545833333333332
0 0.90334375 0.6073888888888889 0.09868750000000012 0.17780555555555552
0 0.7931328125 0.586125 0.09737499999999999 0.16824999999999998
0 0.81640625 0.5069444444444444 0.05023437500000005 0.11881944444444438
0 0.4765625 0.4861111111111111 0.05481250000000006 0.0986805555555555
0 0.044101562500000004 0.6866388888888889 0.08465624999999999 0.1691666666666666
0 0.3532734375 0.523 0.06051562500000003 0.10980555555555564
0 0.5498046875 0.49783333333333335 0.04959375000000001 0.09673611111111108
0 0.5849609375 0.657125 0.10034375000000004 0.18673611111111119
0 0.1195078125 0.7413194444444444 0.1066875 0.1903194444444444
0 0.7001953125 0.5599027777777777 0.07599218749999999 0.17338888888888893
0 0.64209375 0.4631111111111111 0.043031249999999945 0.08538888888888892
0 0.702640625 0.4127638888888889 0.03854687499999994 0.07579166666666673