0 0.0364453125 0.6904027777777778 0.072890625 0.1795416666666667
1 0.12334375 0.742125 0.10604687500000001 0.16801388888888893
0 0.2101953125 0.5949861111111111 0.09907031250000002 0.13836111111111113
0 0.2825703125 0.6142222222222222 0.09803906250000001 0.1494861111111111
1 0.3549453125 0.5240555555555555 0.07648437499999998 0.1242777777777778
0 0.4267578125 0.5329027777777777 0.09691406249999997 0.14013888888888887
1 0.497953125 0.4859305555555556 0.05759375000000002 0.1027638888888889
1 0.5538515625 0.5070972222222222 0.053382812499999946 0.0866944444444444
1 0.55903125 0.4344861111111111 0.046296874999999994 0.07287500000000004
1 0.6293515625 0.3887777777777778 0.03213281250000009 0.041694444444444416
1 0.6361796875 0.4593888888888889 0.049687499999999926 0.09894444444444446
1 0.681046875 0.4105694444444445 0.05523437500000004 0.15280555555555553
1 0.74171875 0.42973611111111115 0.05543750000000003 0.12177777777777771
1 0.5756640625 0.6913750000000001 0.12062500000000007 0.18515277777777786
0 0.70178125 0.5673194444444445 0.09157031250000003 0.1560416666666667
1 0.788578125 0.4945277777777778 0.047531249999999935 0.10900000000000003
0 0.7998203125 0.5990555555555556 0.09978124999999993 0.1757222222222222
1 0.8802031250000001 0.517875 0.08294531250000006 0.11920833333333339
0 0.913875 0.43961111111111106 0.03942187500000003 0.06123611111111116
1 0.9355859375 0.7038750000000001 0.09208593749999991 0.23751388888888897
1 0.9614609375000001 0.5692361111111112 0.07401562499999984 0.1288472222222222