1 0.1213811493828243 0.7271212961809504 0.10403945904685145 0.14814450208412305
1 0.219970703125 0.578125 0.0843505859375 0.13292100694444445
1 0.361328125 0.5182291666666666 0.057586669921875 0.11968315972222222
1 0.7459649150753205 0.44166958316376614 0.04401987688060895 0.14679402743864342
0 0.8786309112923245 0.5069795688578814 0.06335313117839902 0.10239229743798543
1 0.924022094281562 0.5934418873904735 0.08823510831187598 0.17321189978094714
1 0.640625 0.4587673611111111 0.04351806640625 0.0857204861111111
0 0.8140747054139169 0.4806642980634788 0.06624756182841596 0.07965541904362428
1 0.54833984375 0.4982638888888889 0.054901123046875 0.09722222222222222
1 0.5495985257431849 0.3871086142636642 0.040695526638630145 0.13142208963843952
0 0.9638671875 0.52734375 0.059661865234375 0.1459418402777778
0 0.044097900390625 0.6866319444444444 0.08404541015625 0.17220052083333334
1 0.7060546875 0.5603298611111112 0.07794189453125 0.171875
0 0.61962890625 0.40625 0.0401611328125 0.07275390625
0 0.7001953125 0.4144965277777778 0.042572021484375 0.0773654513888889
1 0.89501953125 0.7335069444444444 0.125732421875 0.19401041666666666
1 0.320068359375 0.6063368055555556 0.056976318359375 0.15592447916666666
1 0.79931640625 0.5776909722222222 0.0965576171875 0.1787109375
1 0.61474609375 0.6432291666666666 0.0869140625 0.2036675347222222
1 0.47802734375 0.4856770833333333 0.05291748046875 0.09619140625
1 0.58154296875 0.3793402777777778 0.04052734375 0.1400824652777778