0 0.036890624999999996 0.6843611111111111 0.07310937499999999 0.17598611111111115
1 0.1226328125 0.7428055555555556 0.10573437499999998 0.15773611111111102
0 0.20495312499999999 0.5995833333333334 0.08963281250000002 0.13208333333333336
1 0.3416640625 0.5255 0.07200781249999996 0.09470833333333341
0 0.2803671875 0.6123055555555555 0.10946093750000001 0.15520833333333334
0 0.419296875 0.5326527777777778 0.09964062499999997 0.13368055555555555
0 0.5319609375 0.5043194444444444 0.07251562499999994 0.10187500000000003
0 0.555703125 0.43825000000000003 0.04478906249999994 0.07597222222222229
0 0.6387968749999999 0.46181944444444445 0.056625000000000016 0.09023611111111116
1 0.5776640625 0.3655694444444444 0.059328125000000044 0.07377777777777779
1 0.6920859375 0.41815277777777776 0.04408593750000005 0.07651388888888894
0 0.570109375 0.6890555555555555 0.10999999999999996 0.18788888888888886
0 0.7026796875 0.5603750000000001 0.09196875000000002 0.1648472222222223
1 0.7901171875 0.4858611111111111 0.05666406249999998 0.056875000000000064
0 0.8786875000000001 0.49377777777777776 0.06242187500000007 0.0853055555555555
0 0.916796875 0.45662499999999995 0.05020312500000017 0.07966666666666669
1 0.9526249999999999 0.5059583333333334 0.057367187499999875 0.08854166666666667
1 0.8939843749999999 0.6038888888888889 0.11168750000000002 0.1903611111111112
1 0.9625468749999999 0.7100972222222222 0.07092187500000016 0.22369444444444436
0 0.48473437500000005 0.4829444444444445 0.06731250000000007 0.10488888888888886
1 0.7924296875 0.42341666666666666 0.04780468750000004 0.09084722222222218
0 0.98575 0.46445833333333336 0.015585937499999859 0.06123611111111116
0 0.6206953125 0.40197222222222223 0.051640624999999926 0.06663888888888891
1 0.7947109375 0.5925555555555555 0.10874218750000005 0.1847361111111111