0 0.0376484375 0.6875833333333332 0.0742890625 0.1825972222222222
0 0.1164609375 0.7420833333333333 0.11835156250000001 0.1819166666666667
0 0.199921875 0.5994166666666666 0.08141406249999998 0.1305833333333333
1 0.293328125 0.6092916666666667 0.09140625 0.13922222222222225
0 0.36115624999999996 0.5235000000000001 0.07985156250000003 0.11555555555555562
1 0.436828125 0.53275 0.06807031249999991 0.12931944444444446
0 0.4763984375 0.48619444444444443 0.058937500000000045 0.09505555555555548
0 0.5369531249999999 0.4981111111111111 0.06068750000000005 0.09890277777777783
0 0.5591875 0.43383333333333335 0.04196093750000003 0.0680277777777778
1 0.6402265625 0.4635694444444444 0.055445312500000024 0.08309722222222228
0 0.6209374999999999 0.4026527777777778 0.04807812499999997 0.06116666666666662
0 0.6845859375 0.41441666666666666 0.04801562500000003 0.07136111111111111
1 0.7384062499999999 0.43445833333333334 0.056703124999999945 0.1158888888888888
0 0.584546875 0.6874722222222223 0.12428906249999994 0.16681944444444438
0 0.70203125 0.559875 0.08956250000000007 0.16915277777777774
1 0.7720546875000001 0.508 0.07061718749999998 0.08715277777777777
1 0.8049375 0.5975972222222222 0.10639062499999996 0.18244444444444446
1 0.9434921875000001 0.5703333333333334 0.06815624999999984 0.07498611111111113
1 0.9062812499999999 0.47590277777777773 0.0823125000000001 0.1104583333333333
0 0.9692578125000001 0.511375 0.04646875000000002 0.11777777777777772
1 0.9368359375 0.7089583333333334 0.09198437499999983 0.23800000000000002