0 0.0397578125 0.6875833333333332 0.074515625 0.1825972222222222
1 0.12181249999999999 0.7353611111111111 0.1035234375 0.17194444444444437
0 0.20129687500000001 0.6011527777777778 0.08415625000000002 0.12709722222222222
1 0.29881250000000004 0.6092916666666667 0.08042968750000004 0.13922222222222225
1 0.362828125 0.521 0.08526562499999998 0.1205555555555555
1 0.4486875 0.5337777777777778 0.06439062500000006 0.13291666666666674
0 0.4918828125 0.47906944444444444 0.05932031250000005 0.09473611111111116
0 0.5369531249999999 0.4981111111111111 0.06068750000000005 0.09890277777777783
0 0.5591875 0.43383333333333335 0.04196093750000003 0.0680277777777778
0 0.6402265625 0.4635694444444444 0.055445312500000024 0.08309722222222228
0 0.6209374999999999 0.4026527777777778 0.04807812499999997 0.06116666666666662
1 0.6815 0.41441666666666666 0.04183593749999996 0.07136111111111111
1 0.73521875 0.4257638888888889 0.06342187500000004 0.11661111111111117
0 0.5833828125 0.6858194444444444 0.12017968749999994 0.16575000000000004
0 0.7005234375 0.5657916666666667 0.08738281249999993 0.15731944444444443
1 0.76896875 0.5015972222222221 0.06443750000000001 0.09644444444444453
1 0.8049375 0.5941111111111111 0.10639062499999996 0.18940277777777778
1 0.9383437499999999 0.7052638888888889 0.08731250000000017 0.23654166666666676
0 0.937359375 0.5694166666666667 0.07630468750000005 0.09970833333333329
1 0.9481875000000001 0.48291666666666666 0.061812499999999916 0.1255694444444444
0 0.906375 0.44245833333333334 0.020773437500000113 0.060708333333333385
0 0.8728671875 0.4965277777777778 0.051734374999999846 0.10437499999999997