0 0.033875 0.687625 0.06775 0.1754027777777778
1 0.12015625 0.7462777777777778 0.10814062499999996 0.16355555555555554
0 0.2062890625 0.5926111111111111 0.09460937500000002 0.1409861111111111
0 0.3395546875 0.5337500000000001 0.06539062500000004 0.11518055555555548
1 0.3930390625 0.7313194444444444 0.09965625000000004 0.507361111111111
0 0.463328125 0.5333749999999999 0.07225000000000001 0.12934722222222222
0 0.5348828125 0.5050694444444445 0.05767187499999995 0.10038888888888885
0 0.5559062499999999 0.43244444444444446 0.04519531249999993 0.06434722222222228
0 0.63996875 0.46181944444444445 0.058968750000000014 0.09023611111111116
1 0.654734375 0.3560833333333333 0.05874218750000004 0.11654166666666663
0 0.7050078125 0.4157361111111111 0.057195312500000026 0.0822777777777778
1 0.8040390625 0.42380555555555555 0.04925781250000005 0.0935416666666667
1 0.571796875 0.6938888888888889 0.11239062499999992 0.18347222222222218
0 0.69903125 0.5722083333333333 0.08466406249999991 0.14937499999999992
1 0.79996875 0.6021527777777778 0.09952343749999999 0.17034722222222218
1 0.8065078124999999 0.48891666666666667 0.05354687499999997 0.05974999999999998
0 0.8759140625 0.5011944444444445 0.06732031250000006 0.09779166666666662
0 0.9221562499999999 0.4417083333333333 0.04448437500000004 0.055638888888888814
1 0.9812578125 0.46468055555555554 0.0240234375 0.05473611111111107
1 0.942421875 0.5052777777777778 0.053960937500000125 0.08055555555555556
0 0.9069453125000001 0.5784305555555556 0.06891406250000003 0.1396527777777777
1 0.914859375 0.7149305555555555 0.11196093749999995 0.22018055555555552
0 0.483078125 0.45719444444444446 0.040390625000000034 0.04645833333333339