0 0.3005390625 0.6089444444444444 0.07421875 0.14995833333333336
1 0.37646875 0.5282083333333334 0.06222656250000003 0.10351388888888885
0 0.544921875 0.49956944444444445 0.05099218749999999 0.10388888888888882
0 0.4790078125 0.48525 0.05310156250000002 0.09690277777777775
1 0.6240234375 0.6536527777777777 0.09387500000000007 0.19911111111111104
1 0.71240625 0.5538194444444444 0.07806250000000006 0.15158333333333332
0 0.8012734375000001 0.578125 0.09320312500000005 0.17318055555555564
0 0.9102890625000001 0.4522361111111111 0.04456249999999997 0.08366666666666668
0 0.8842812500000001 0.5151944444444444 0.06853906250000001 0.12413888888888888
0 0.2235107421875 0.5859375 0.08740234375 0.13270399305555555
0 0.79248046875 0.49609375 0.0640869140625 0.11577690972222222
0 0.92041015625 0.6037326388888888 0.0836181640625 0.18033854166666666
0 0.9609375 0.5299479166666666 0.06512451171875 0.14463975694444445
0 0.1278076171875 0.7630208333333334 0.103759765625 0.1890190972222222
1 0.7509765625 0.4114583333333333 0.0364990234375 0.08306206597222222
1 0.8720703125 0.7126736111111112 0.11395263671875 0.2309027777777778
0 0.042877197265625 0.6970486111111112 0.0836181640625 0.193359375
0 0.55712890625 0.4518229166666667 0.049407958984375 0.09065755208333333
0 0.6220703125 0.3962673611111111 0.033203125 0.05162217881944445
0 0.70458984375 0.4149305555555556 0.03985595703125 0.07194010416666667