0 0.033875 0.687625 0.06775 0.1754027777777778
1 0.12015625 0.7462777777777778 0.10814062499999996 0.16355555555555554
1 0.2397421875 0.5907083333333334 0.06521875000000002 0.1180277777777778
0 0.34950000000000003 0.5251805555555555 0.06665624999999994 0.09593055555555546
1 0.3059453125 0.6063611111111111 0.06495312499999999 0.15172222222222223
0 0.4295625 0.5326527777777778 0.09259374999999999 0.13368055555555555
0 0.52715625 0.5079583333333334 0.07150781249999998 0.09461111111111112
0 0.555703125 0.4372361111111111 0.04478906249999994 0.07393055555555558
0 0.63996875 0.46181944444444445 0.058968750000000014 0.09023611111111116
1 0.6503671875 0.37854166666666667 0.06199999999999992 0.07749999999999997
0 0.7062265625 0.4157361111111111 0.05475781249999993 0.0822777777777778
1 0.8059375 0.4243194444444444 0.05585156249999992 0.07645833333333327
1 0.571796875 0.6938888888888889 0.11239062499999992 0.18347222222222218
0 0.69903125 0.5722083333333333 0.08466406249999991 0.14937499999999992
1 0.8008906250000001 0.5966111111111111 0.09973437499999997 0.17419444444444437
1 0.7769453125 0.5037083333333333 0.08500781249999996 0.08209722222222224
1 0.8767265625 0.5011944444444445 0.06569531250000012 0.09779166666666662
0 0.9205937499999999 0.4580416666666667 0.04988281249999993 0.08541666666666667
1 0.9657500000000001 0.5105138888888889 0.05423437500000006 0.1354583333333333
0 0.9128437500000001 0.5737361111111111 0.08966406249999999 0.12302777777777783
1 0.9401015625 0.704375 0.09050000000000011 0.24748611111111118
0 0.47915625000000006 0.4868333333333333 0.05615624999999991 0.08983333333333342