0 0.9663125000000001 0.5269166666666667 0.057375000000000044 0.1451805555555555
1 0.03365625 0.6888611111111111 0.0665859375 0.1847916666666666
1 0.7431953124999999 0.3830972222222222 0.03889062499999998 0.026027777777777792
1 0.20453125 0.5935833333333334 0.08617187499999998 0.13040277777777776
1 0.47768750000000004 0.496125 0.06062499999999993 0.09158333333333325
1 0.6800234374999999 0.41326388888888893 0.04247656249999991 0.07298611111111104
1 0.35903125 0.516375 0.06675781250000004 0.12372222222222228
0 0.5365546875 0.5043472222222222 0.06183593750000007 0.10622222222222225
1 0.6219140624999999 0.40841666666666665 0.0490234375 0.0680277777777778
0 0.636234375 0.45920833333333333 0.057679687499999945 0.09469444444444454
0 0.5838203125 0.6682638888888889 0.11400781250000006 0.18087500000000004
1 0.9523125 0.7142638888888888 0.08304687500000014 0.22649999999999998
0 0.9056015625 0.6112500000000001 0.08948437499999998 0.14955555555555564
1 0.818359375 0.5876666666666667 0.09051562500000002 0.15730555555555553
1 0.78828125 0.49583333333333335 0.05885156249999994 0.11388888888888889
0 0.29609375 0.6115694444444444 0.09427343749999997 0.17129166666666673
1 0.1322890625 0.7402777777777778 0.11978906249999999 0.1990694444444444
1 0.89921875 0.45416666666666666 0.08072656249999995 0.11018055555555561
0 0.8854140625 0.5106527777777778 0.07083593750000006 0.11759722222222216
0 0.559375 0.4407361111111111 0.05833593750000006 0.09073611111111117
0 0.70859375 0.5606527777777778 0.08177343750000006 0.15833333333333333