0 0.2152099609375 0.5876736111111112 0.0863037109375 0.13151041666666666
0 0.12019368823428707 0.7400247846836647 0.10092121728142596 0.16971970825621838
0 0.36474609375 0.5199652777777778 0.06781005859375 0.11881510416666667
1 0.7998046875 0.5811631944444444 0.08599853515625 0.1662326388888889
0 0.88477636122138 0.49133852852317855 0.06624461697401003 0.08130986954635706
1 0.9005673117795816 0.6045187820218959 0.10975404831583724 0.16780705401176368
1 0.9540049365075791 0.7258356623270434 0.09199012698484169 0.22690849893897047
1 0.8119174243511313 0.496107647013744 0.0690972802039874 0.08352388777748795
1 0.6280974449964104 0.3953024020127903 0.036071598977195765 0.045704630414469545
1 0.7456985973520928 0.4379740546377833 0.05523366467081452 0.13593074816445558
0 0.64111328125 0.4548611111111111 0.044342041015625 0.09098307291666667
0 0.5465803189310785 0.5043776684799824 0.049591064453125 0.09776475694444445
0 0.49587959185346203 0.4880531750419331 0.0560302734375 0.09635416666666667
0 0.04132080078125 0.6866319444444444 0.08209228515625 0.17371961805555555
1 0.56298828125 0.44921875 0.04840087890625 0.08604600694444445
0 0.30322265625 0.6019965277777778 0.061981201171875 0.13509114583333334
1 0.5830078125 0.3982204861111111 0.0482177734375 0.10660807291666667
0 0.9580078125 0.5256076388888888 0.07122802734375 0.1501736111111111
1 0.595703125 0.6579861111111112 0.10968017578125 0.193359375
0 0.69970703125 0.5694444444444444 0.0869140625 0.15049913194444445
0 0.69970703125 0.4177517361111111 0.03912353515625 0.08121744791666667