0 0.0364453125 0.6888194444444444 0.072890625 0.1827222222222223
0 0.11351562500000001 0.7472916666666666 0.11856249999999999 0.17040277777777785
0 0.2101953125 0.5949861111111111 0.09907031250000002 0.13836111111111113
0 0.2825703125 0.6142222222222222 0.09803906250000001 0.1494861111111111
1 0.3591875 0.5331805555555555 0.08497656249999999 0.10601388888888895
0 0.4263125 0.5376666666666666 0.09691406249999997 0.14013888888888887
1 0.4930390625 0.47798611111111106 0.05759375000000002 0.0900555555555556
1 0.5520625 0.5070972222222222 0.056960937500000065 0.0866944444444444
1 0.55009375 0.4364722222222222 0.06417187500000007 0.07684722222222228
1 0.6293515625 0.3887777777777778 0.03213281250000009 0.041694444444444416
1 0.635734375 0.4570138888888889 0.049687499999999926 0.09894444444444446
1 0.681046875 0.4105694444444445 0.05523437500000004 0.15280555555555553
1 0.7473046875 0.436875 0.044265625000000065 0.1360694444444445
1 0.5756640625 0.6913750000000001 0.12062500000000007 0.18515277777777786
0 0.70178125 0.5673194444444445 0.09157031250000003 0.1560416666666667
1 0.787234375 0.4945277777777778 0.05021093750000007 0.10900000000000003
1 0.7998203125 0.5990555555555556 0.09978124999999993 0.1757222222222222
1 0.88109375 0.5214444444444445 0.08115625000000008 0.11206944444444436
0 0.9111953125 0.44437499999999996 0.05193750000000001 0.07394444444444445
1 0.9355859375 0.7038750000000001 0.09208593749999991 0.23751388888888897
1 0.9614609375000001 0.5692361111111112 0.07401562499999984 0.1288472222222222