0 0.037851562500000005 0.6877500000000001 0.07570312500000001 0.16948611111111114
0 0.10538281249999999 0.7482083333333334 0.1364296875 0.21112499999999998
0 0.209390625 0.5963888888888889 0.09857812500000003 0.13926388888888885
1 0.2857890625 0.6106111111111111 0.09702343749999995 0.1430277777777778
0 0.348875 0.519625 0.06464062500000001 0.13779166666666673
0 0.4204921875 0.5353194444444445 0.10386718750000004 0.14112500000000003
1 0.47943749999999996 0.4887361111111111 0.05485937500000002 0.10244444444444444
0 0.5305 0.4993888888888889 0.04880468750000002 0.09394444444444443
1 0.5894140625000001 0.4935416666666667 0.10119531249999998 0.18036111111111114
0 0.6435546875 0.46005555555555555 0.04510937500000001 0.09974999999999991
0 0.6872421875 0.41423611111111114 0.036820312500000084 0.0731111111111111
1 0.754828125 0.4259722222222222 0.04505468750000006 0.10743055555555558
1 0.5758046875 0.6854583333333333 0.12190624999999997 0.2038472222222222
0 0.705828125 0.5655 0.09880468750000002 0.1669166666666666
0 0.7748437499999999 0.49427777777777776 0.07227343750000008 0.10811111111111116
1 0.8049453124999999 0.5956250000000001 0.11207031249999995 0.18681944444444443
1 0.8819375 0.5237361111111111 0.08508593749999989 0.13015277777777784
0 0.9647343749999999 0.4988472222222222 0.058554687499999855 0.08993055555555556
1 0.9783203125 0.5591944444444444 0.03046093749999983 0.08924999999999998
1 0.9490703125 0.7108888888888889 0.09565625000000004 0.2265416666666667
1 0.6146171875 0.36194444444444446 0.043007812499999964 0.12409722222222225