0 0.0397578125 0.6875833333333332 0.074515625 0.1825972222222222
1 0.12181249999999999 0.7398888888888889 0.1035234375 0.16288888888888886
0 0.199921875 0.5994166666666666 0.08141406249999998 0.1305833333333333
1 0.293328125 0.6092916666666667 0.09140625 0.13922222222222225
1 0.362828125 0.5199583333333333 0.08526562499999998 0.12263888888888883
1 0.44692187499999997 0.5250694444444445 0.05694531250000008 0.1461527777777778
0 0.48051562499999995 0.4829027777777778 0.050695312500000075 0.08847222222222229
0 0.5369531249999999 0.4981111111111111 0.06068750000000005 0.09890277777777783
0 0.5591875 0.43383333333333335 0.04196093750000003 0.0680277777777778
0 0.6402265625 0.4635694444444444 0.055445312500000024 0.08309722222222228
0 0.6209374999999999 0.4026527777777778 0.04807812499999997 0.06116666666666662
0 0.6815 0.41441666666666666 0.04183593749999996 0.07136111111111111
1 0.7332578125 0.4275 0.057937500000000065 0.10198611111111104
0 0.58396875 0.6858194444444444 0.11900781249999995 0.16575000000000004
0 0.7022890625 0.559875 0.09090624999999992 0.16915277777777774
1 0.76896875 0.5009027777777777 0.06443750000000001 0.09783333333333341
1 0.8049375 0.5975972222222222 0.10639062499999996 0.18244444444444446
1 0.9401093749999999 0.7045694444444445 0.0837890625 0.23654166666666676
0 0.937359375 0.5746388888888889 0.07630468750000005 0.11433333333333325
1 0.8896015625 0.4411388888888889 0.09590625000000016 0.14925000000000005
0 0.9657734375 0.5031666666666667 0.053445312499999884 0.12011111111111114