0 0.036890624999999996 0.6843611111111111 0.07310937499999999 0.17598611111111115
1 0.12171875000000001 0.7429444444444444 0.10721093750000002 0.16473611111111106
1 0.2076640625 0.5874861111111112 0.09504687499999998 0.1504583333333334
0 0.344859375 0.5251805555555555 0.07594531250000003 0.09593055555555546
1 0.29021875 0.614625 0.07203125000000003 0.15170833333333336
0 0.43171875000000004 0.5326527777777778 0.09689843749999998 0.13368055555555555
0 0.5293046875 0.5079583333333334 0.06719531249999999 0.09461111111111112
0 0.555703125 0.44406944444444446 0.04478906249999994 0.0875972222222223
0 0.6387968749999999 0.46181944444444445 0.056625000000000016 0.09023611111111116
1 0.56334375 0.3579444444444445 0.05769531249999993 0.08613888888888886
1 0.6974140625 0.41379166666666667 0.03567187500000006 0.0823333333333333
0 0.5706015625 0.6947500000000001 0.10999999999999996 0.1817638888888888
0 0.7026796875 0.5603750000000001 0.09196875000000002 0.1648472222222223
1 0.7990078125 0.5820694444444444 0.11733593750000004 0.18120833333333336
1 0.7901171875 0.4858611111111111 0.05666406249999998 0.056875000000000064
0 0.8770546875 0.5003194444444444 0.06569531250000012 0.09838888888888893
0 0.91659375 0.45770833333333333 0.04979687499999983 0.08474999999999998
1 0.9452343750000001 0.5050833333333333 0.042593749999999986 0.08679166666666668
1 0.8993046874999999 0.5744583333333334 0.07978124999999991 0.11405555555555556
1 0.933015625 0.7053888888888888 0.08499218749999997 0.24187500000000003
1 0.48473437500000005 0.4829444444444445 0.06731250000000007 0.10488888888888886
1 0.7608515625 0.3847083333333333 0.051156250000000014 0.15919444444444444
1 0.97959375 0.46620833333333334 0.02789843750000003 0.04548611111111111
0 0.6247890625 0.40197222222222223 0.05982031249999995 0.06663888888888891