0 0.035992187499999995 0.6850416666666667 0.07173437499999999 0.17412499999999992
0 0.10921875 0.7555416666666667 0.1275234375 0.18891666666666665
0 0.2062890625 0.5976805555555555 0.09377343749999997 0.12579166666666675
0 0.2828203125 0.6138888888888889 0.09614062499999995 0.14472222222222228
0 0.34097656249999997 0.5222361111111111 0.07546875000000001 0.11383333333333338
0 0.4237265625 0.5357638888888889 0.11021093749999995 0.13459722222222217
0 0.4820703125 0.4866388888888889 0.05130468750000006 0.08947222222222216
0 0.5333828125 0.49659722222222225 0.029390624999999913 0.08725000000000006
1 0.5881796875 0.4805416666666667 0.09414843749999999 0.1724722222222223
1 0.5744765625 0.36891666666666667 0.05180468749999996 0.055847222222222236
1 0.6467031249999999 0.39572222222222225 0.02789843750000003 0.04243055555555549
1 0.6339921875 0.46463888888888893 0.04137500000000003 0.08302777777777774
1 0.6815546875 0.4527083333333333 0.05414062499999996 0.167
1 0.7424140625 0.43262500000000004 0.05517187499999991 0.12313888888888884
0 0.5724218750000001 0.677513888888889 0.11121093749999993 0.2121944444444445
0 0.7025703125 0.567763888888889 0.09006249999999998 0.1519999999999999
1 0.786875 0.5046805555555556 0.04869531249999994 0.09233333333333336
1 0.8103906249999999 0.5994722222222222 0.12387499999999996 0.16647222222222224
1 0.87596875 0.5143055555555556 0.07571875000000006 0.12265277777777786
1 0.9684453124999999 0.5011388888888889 0.05018749999999983 0.0941111111111111
1 0.9722109375000001 0.60625 0.05260937500000011 0.16708333333333328
1 0.9078828124999999 0.7003055555555556 0.10456250000000011 0.2533472222222223