1 0.131591796875 0.7421782653664303 0.09143066406249999 0.16371850989952716
0 0.5517578125 0.5 0.052825927734375 0.09852430555555555
1 0.5675942004829796 0.4330787481607149 0.04999316326064633 0.08783718382142985
1 0.65060428328947 0.45579075678818726 0.03271477326481005 0.08616918718748567
1 0.6947526265941291 0.404839800826473 0.06325353587424214 0.14995737943072368
1 0.7472358699595082 0.43965362602247465 0.046726990549733574 0.13158589787828262
1 0.7850611665182197 0.4814168371128967 0.06206569241143924 0.0969482575591267
0 0.8037109375 0.5785590277777778 0.0867919921875 0.17317708333333334
0 0.9119063441953411 0.5783386989056576 0.06825848917193227 0.1137086478113152
1 0.69482421875 0.5594618055555556 0.07977294921875 0.1618923611111111
1 0.93359375 0.7078993055555556 0.10125732421875 0.23828125
0 0.8842773437499998 0.4976964055025641 0.06187494556692421 0.0876430510798899
0 0.2213134765625 0.5885416666666666 0.08587646484375 0.13151041666666666
0 0.57763671875 0.6640625 0.10284423828125 0.1867404513888889
0 0.300537109375 0.6098090277777778 0.0743408203125 0.14908854166666666
0 0.04376220703125 0.6909722222222222 0.08447265625 0.1755642361111111
1 0.381591796875 0.5160590277777778 0.05572509765625 0.1181640625
0 0.4755859375 0.4895833333333333 0.050811767578125 0.09673394097222222
1 0.96435546875 0.5112847222222222 0.06280517578125 0.13465711805555555
0 0.62841796875 0.4079861111111111 0.034881591796875 0.07177734375