0 0.037851562500000005 0.6877500000000001 0.07570312500000001 0.16948611111111114
0 0.10538281249999999 0.7482083333333334 0.1364296875 0.21112499999999998
0 0.209390625 0.5963888888888889 0.09857812500000003 0.13926388888888885
1 0.294703125 0.6066527777777778 0.07249999999999997 0.14962500000000004
1 0.36726562500000004 0.5163194444444444 0.059812499999999956 0.14174999999999993
0 0.43033593750000004 0.5353194444444445 0.08417187500000001 0.14112500000000003
1 0.491515625 0.4841111111111111 0.05671874999999993 0.10376388888888893
1 0.5485234375 0.5043333333333333 0.050664062499999926 0.08931944444444437
1 0.5975859375 0.46284722222222224 0.059578124999999996 0.22591666666666663
0 0.5596171875 0.42954166666666665 0.029390624999999913 0.061722222222222296
1 0.6360625 0.3948888888888889 0.02904687500000005 0.04323611111111111
0 0.6487578125 0.4610416666666666 0.03842187500000005 0.10437499999999997
0 0.687984375 0.4149027777777778 0.036820312500000084 0.0731111111111111
1 0.76003125 0.41144444444444445 0.03910937499999996 0.07838888888888897
0 0.5772890625 0.6795138888888889 0.12190624999999997 0.2038472222222222
0 0.705828125 0.5655 0.09880468750000002 0.1669166666666666
1 0.7696406249999999 0.49823611111111116 0.06632812499999999 0.10151388888888893
1 0.8053203124999999 0.5896805555555555 0.11207031249999995 0.18681944444444443
1 0.8819375 0.5237361111111111 0.08508593749999989 0.13015277777777784
0 0.8914296875 0.4403055555555555 0.05054687499999986 0.06293055555555548
0 0.9647343749999999 0.4975277777777778 0.058554687499999855 0.08993055555555556
1 0.9599296875000001 0.5687638888888888 0.06724218750000013 0.10838888888888884
1 0.9631875000000001 0.7178194444444445 0.07261718749999986 0.23776388888888897