0 0.357666015625 0.5160590277777778 0.06634521484375 0.11881510416666667
1 0.22560958570359438 0.5943611055348239 0.061387628438438854 0.15161283606964812
0 0.6318645837010842 0.39758745175761384 0.05654532951154323 0.05309591045967213
1 0.29494843720176706 0.6029488178524054 0.07740048887771592 0.14187853848258875
1 0.7479169833150452 0.44578901646616154 0.04945411930740971 0.1491735190434342
0 0.7041015625 0.4173177083333333 0.040679931640625 0.07823350694444445
1 0.8097634945187732 0.585810196848885 0.09018980783745363 0.15259835630222984
0 0.8056927087010841 0.4937931523859919 0.07117073494158177 0.08860627004976164
0 0.8921637864899525 0.494423031165485 0.07265131730896357 0.06968215815507885
1 0.9144375399028293 0.5651303887429197 0.07664249831934136 0.09065574276361699
1 0.9274286233626391 0.7492821511837716 0.10632439389972177 0.32001208652134566
0 0.5614215202875463 0.4447446950090624 0.040822730909282255 0.08876239349034686
0 0.6444859534611317 0.46266713704906615 0.03979396221836158 0.09647562173520106
0 0.9580078125 0.5190972222222222 0.06927490234375 0.1362847222222222
0 0.478271484375 0.4861111111111111 0.0567626953125 0.10091145833333333
1 0.12548828125 0.7534722222222222 0.10284423828125 0.19368489583333334
0 0.57177734375 0.6818576388888888 0.0953369140625 0.15907118055555555
0 0.68798828125 0.5642361111111112 0.0872802734375 0.142578125
0 0.039581298828125 0.6870659722222222 0.07916259765625 0.17838541666666666
0 0.541015625 0.5021701388888888 0.04638671875 0.09635416666666667