1 0.05632812499999999 0.6797916666666667 0.07583593749999999 0.18579166666666672
1 0.1220625 0.7424861111111112 0.10728125 0.16362499999999994
1 0.20738281249999999 0.5944444444444444 0.09389843749999997 0.13956944444444447
1 0.37590625000000005 0.5399444444444444 0.05958593750000003 0.09324999999999999
0 0.2806796875 0.6142777777777777 0.08977343749999997 0.14590277777777771
0 0.43609375000000006 0.5323472222222223 0.08369531250000004 0.13570833333333338
0 0.5315624999999999 0.5047916666666666 0.08443749999999994 0.10851388888888888
0 0.555703125 0.43825000000000003 0.04478906249999994 0.07597222222222229
0 0.6387968749999999 0.46293055555555557 0.056625000000000016 0.08802777777777777
1 0.566390625 0.3474027777777778 0.05236718749999998 0.10749999999999997
0 0.6888984375 0.4144583333333334 0.041078124999999945 0.07040277777777769
1 0.576640625 0.6907916666666667 0.12141406250000006 0.19147222222222215
0 0.70375 0.5586527777777778 0.09659375000000008 0.1602361111111111
1 0.789828125 0.49806944444444445 0.052109374999999944 0.0930277777777778
1 0.882765625 0.5070694444444445 0.0594609375000001 0.13165277777777773
0 0.9228046875 0.4522083333333333 0.048101562500000125 0.09462499999999999
1 0.9833125 0.4583333333333333 0.01867187500000007 0.07190277777777775
0 0.9494921875 0.574 0.07679687500000014 0.1152083333333334
0 0.47730468750000005 0.4884722222222222 0.05260156249999994 0.08337499999999996
1 0.7424375000000001 0.42783333333333334 0.055992187500000054 0.12005555555555547
0 0.6262890624999999 0.3944583333333333 0.0419921875 0.06350000000000004
1 0.8285859375 0.5724305555555556 0.09269531250000007 0.1779722222222222
1 0.9570546875 0.7126527777777778 0.06721874999999997 0.22584722222222217