1 0.498291015625 0.4822048611111111 0.050811767578125 0.09722222222222222
1 0.79443359375 0.5859375 0.110107421875 0.1694878472222222
1 0.8363666429399433 0.38268760715135147 0.049678823495113635 0.11889083930270299
1 0.8066406249999998 0.3859002171514561 0.035736083984375 0.10469973985846777
0 0.630859375 0.4077690972222222 0.051849365234375 0.0740017361111111
1 0.7471123055360208 0.42755191499884837 0.04211863851174531 0.12220733999806346
0 0.356201171875 0.5173611111111112 0.06683349609375 0.10921223958333333
0 0.810546875 0.5026041666666666 0.061431884765625 0.12662760416666666
0 0.8818359375 0.51171875 0.06439208984375 0.12293836805555555
0 0.2325439453125 0.5842013888888888 0.070068359375 0.1281467013888889
0 0.68701171875 0.5672743055555556 0.08343505859375 0.1496310763888889
0 0.9091796875 0.5920138888888888 0.081787109375 0.1606987847222222
1 0.1275634765625 0.7547743055555556 0.1041259765625 0.21668836805555555
0 0.044281005859375 0.6861979166666666 0.0867919921875 0.1728515625
1 0.94287109375 0.7074652777777778 0.093017578125 0.23763020833333334
0 0.958984375 0.5269097222222222 0.06890869140625 0.1462673611111111
0 0.302490234375 0.6037326388888888 0.06488037109375 0.1362847222222222
1 0.556640625 0.5052083333333334 0.0457763671875 0.08338758680555555
1 0.56689453125 0.3821614583333333 0.040252685546875 0.1691623263888889
1 0.64404296875 0.4670138888888889 0.0635986328125 0.18739149305555555