1 0.11279296875 0.7312245907658143 0.0712890625 0.18814362597607295
0 0.297607421875 0.614609917884519 0.06488037109375 0.1411121968801491
0 0.04143524169921875 0.6983747604592019 0.0828704833984375 0.19655420841840382
0 0.6944154031556085 0.5629572876694715 0.07064079095266429 0.13059130684621054
1 0.73583984375 0.4518229166666667 0.06549072265625 0.16221788194444445
0 0.9153632693153296 0.5879440592415518 0.0639267816818407 0.15570582681643702
1 0.88720703125 0.5073784722222222 0.06854248046875 0.12608506944444445
1 0.8248310146705464 0.5794520813856066 0.10009383003390715 0.1720335030489911
1 0.9315204291829069 0.6966284970956779 0.09032828225918585 0.20580589798834173
1 0.814312316763002 0.39570474372063785 0.0467846969292296 0.13138887112183129
1 0.6365482341841092 0.40151335273717814 0.05435714491303134 0.12182010825213405
1 0.95947265625 0.5277777777777778 0.06768798828125 0.1459418402777778
0 0.36083984375 0.5177951388888888 0.07318115234375 0.11371527777777778
0 0.2303466796875 0.5850694444444444 0.06842041015625 0.12120225694444445
0 0.499267578125 0.4787326388888889 0.053802490234375 0.09814453125
0 0.55322265625 0.5060763888888888 0.04681396484375 0.083984375
1 0.58203125 0.3962673611111111 0.0574951171875 0.13151041666666666
1 0.81005859375 0.3474392361111111 0.023101806640625 0.034857855902777776