0 0.036351562500000004 0.6884027777777777 0.07229687500000001 0.18259722222222227
0 0.11866406249999999 0.7420833333333333 0.11393750000000002 0.1819166666666667
0 0.2074765625 0.5965138888888889 0.098828125 0.1281805555555555
1 0.2973359375 0.6106805555555556 0.08338281250000001 0.13643055555555558
0 0.35796875 0.5281666666666667 0.07745312499999998 0.12263888888888883
0 0.4354609375 0.5286527777777777 0.07535937500000003 0.14162500000000003
0 0.479203125 0.4890416666666667 0.0533203125 0.08936111111111116
0 0.5398359375 0.4981111111111111 0.06646093749999996 0.09890277777777783
0 0.5591875 0.43383333333333335 0.04196093750000003 0.0680277777777778
1 0.6402265625 0.4635694444444444 0.055445312500000024 0.08309722222222228
1 0.6209374999999999 0.4026527777777778 0.04807812499999997 0.06116666666666662
0 0.6903984375000001 0.4161944444444445 0.05563281250000003 0.06779166666666675
1 0.7384062499999999 0.4330972222222222 0.056703124999999945 0.11862499999999995
0 0.582859375 0.6698333333333333 0.11475000000000009 0.2020972222222222
1 0.6952578125 0.5589166666666667 0.07683593749999992 0.17248611111111103
1 0.771671875 0.5107361111111112 0.07139062500000008 0.08168055555555548
1 0.8063437499999999 0.5997361111111111 0.10919531249999999 0.17816666666666664
1 0.938828125 0.7089583333333334 0.0879999999999999 0.23800000000000002
1 0.94078125 0.5759166666666667 0.06661718749999998 0.07498611111111113
1 0.9057031249999999 0.47590277777777773 0.08115625000000008 0.1104583333333333
0 0.9748203125 0.5185694444444444 0.03535937500000017 0.13312500000000002