1 0.12347656250000001 0.7543472222222222 0.107171875 0.1997083333333333
1 0.2841796875 0.6076388888888888 0.09655468750000003 0.15397222222222223
0 0.20192187499999997 0.5934583333333333 0.09207031250000001 0.11362500000000009
1 0.474640625 0.4934861111111111 0.05633593749999992 0.09961111111111115
0 0.5337890625 0.5022916666666666 0.06199999999999992 0.10201388888888895
1 0.6409140625 0.46912499999999996 0.05975781250000001 0.10545833333333342
0 0.5866875 0.6825833333333333 0.12643749999999992 0.15498611111111116
0 0.6216171875 0.40427777777777774 0.050773437500000004 0.06873611111111112
1 0.7333515625 0.43280555555555555 0.0669921875 0.11637499999999995
1 0.878296875 0.4865138888888889 0.05704687499999998 0.08702777777777773
0 0.8984687499999999 0.4291111111111111 0.03553906249999983 0.05379166666666669
1 0.7895546875 0.5811805555555556 0.10614062499999992 0.16098611111111108
1 0.9798515625 0.5311666666666667 0.033578125000000014 0.15127777777777773
1 0.7768593750000001 0.5013055555555556 0.06622656250000007 0.10644444444444442
0 0.7030078125 0.5547500000000001 0.07426562499999996 0.17186111111111113
1 0.3671875 0.5125 0.08541406249999998 0.13426388888888882
0 0.5606796875 0.4384305555555556 0.0515625 0.10648611111111106
0 0.92734375 0.6009305555555555 0.0984375 0.17777777777777778
1 0.9059921875000001 0.7134305555555555 0.12760156249999993 0.19722222222222222
1 0.6765625 0.40601388888888884 0.046875 0.08981944444444438
0 0.0356796875 0.6773194444444445 0.07135156250000001 0.18981944444444437