0 0.0335625 0.7163425925925926 0.067125 0.16189814814814807
1 0.20995833333333333 0.6393333333333333 0.08282812499999999 0.10141666666666664
1 0.2870416666666667 0.6673425925925927 0.06410937499999998 0.11758333333333335
0 0.3176614583333333 0.6030185185185185 0.04727083333333333 0.09174074074074068
1 0.49178645833333334 0.5782314814814815 0.052958333333333364 0.09127777777777771
0 0.56271875 0.5664814814814815 0.05318749999999994 0.0724722222222222
0 0.8138124999999999 0.5536574074074074 0.04348958333333333 0.05944444444444449
0 0.7834791666666666 0.5910925925925926 0.05816666666666658 0.08409259259259254
1 0.6601979166666666 0.7091759259259259 0.10995312500000007 0.17007407407407413
1 0.6250260416666666 0.5348796296296295 0.0433750000000001 0.05753703703703713
1 0.8634270833333333 0.6510370370370371 0.06268229166666663 0.13025000000000006
1 0.5423177083333334 0.6904907407407408 0.10200000000000002 0.14928703703703705
0 0.7975781249999999 0.7558518518518519 0.14353645833333342 0.16292592592592595
1 0.72865625 0.6270370370370371 0.08054687500000005 0.12449074074074078
1 0.6501145833333334 0.6076574074074074 0.061161458333333245 0.10235185185185182
0 0.8590885416666667 0.5812222222222222 0.04653125000000007 0.08375000000000005
1 0.435890625 0.5687037037037037 0.07629166666666667 0.08771296296296298