0 0.4542083333333334 0.5799722222222222 0.049666666666666616 0.10445370370370366
0 0.6250052083333333 0.5355185185185185 0.049984374999999893 0.06447222222222211
0 0.6792760416666667 0.5409166666666667 0.04205729166666667 0.06270370370370373
1 0.2738333333333333 0.6601481481481482 0.06066145833333335 0.11053703703703714
0 0.728296875 0.6323703703703704 0.07239583333333334 0.14054629629629625
0 0.7822239583333332 0.5991018518518518 0.054208333333333296 0.09834259259259262
0 0.5652083333333333 0.5639907407407407 0.05478124999999991 0.06639814814814818
1 0.5028958333333333 0.5796018518518519 0.046484375 0.10257407407407405
0 0.528140625 0.698037037037037 0.09395312499999993 0.1284722222222222
0 0.65046875 0.6047407407407407 0.05904687499999994 0.09345370370370376
1 0.8600260416666666 0.6571018518518518 0.045296874999999896 0.1547870370370371
0 0.648015625 0.7077962962962963 0.08845312499999997 0.17336111111111113
1 0.822375 0.732537037037037 0.0695468750000001 0.1740462962962963
0 0.03430208333333333 0.7126574074074074 0.06859895833333333 0.14803703703703694
0 0.20810937499999999 0.6528703703703704 0.06941666666666665 0.11117592592592587
1 0.8739583333333333 0.5584166666666667 0.012343749999999905 0.039740740740740806
0 0.819796875 0.5676851851851852 0.051395833333333245 0.08585185185185187
0 0.5671822916666667 0.5207777777777778 0.03165104166666666 0.03224999999999993