1 0.4469427083333333 0.5763611111111111 0.05288541666666665 0.09222222222222214
1 0.6239895833333333 0.5334907407407407 0.038973958333333295 0.054129629629629666
0 0.6738385416666667 0.5362314814814815 0.042281249999999916 0.0694351851851852
1 0.20628645833333334 0.6512407407407408 0.07251041666666667 0.12352777777777785
1 0.2764375 0.6622592592592592 0.07136458333333333 0.1037777777777777
0 0.7816041666666667 0.5976111111111111 0.05666666666666676 0.10013888888888897
0 0.8232708333333334 0.5664259259259259 0.0451510416666667 0.07888888888888893
1 0.5701197916666667 0.5626203703703704 0.03550520833333337 0.06913888888888896
1 0.4915677083333333 0.5770462962962963 0.03677083333333329 0.09511111111111113
1 0.8624114583333333 0.6513888888888889 0.04460937500000005 0.15397222222222218
0 0.5286770833333333 0.6977037037037037 0.09774999999999998 0.13257407407407412
0 0.6367291666666667 0.614462962962963 0.045932291666666694 0.11569444444444449
0 0.5701302083333334 0.5139074074074074 0.015197916666666582 0.023324074074074126
0 0.6640208333333334 0.7100462962962963 0.09836979166666661 0.19801851851851843
1 0.823671875 0.7318703703703703 0.0614166666666667 0.20118518518518516
0 0.7243020833333333 0.6280648148148148 0.06989583333333324 0.14032407407407405