0 0.0335625 0.7163425925925926 0.067125 0.16189814814814807
1 0.22141666666666668 0.6474907407407408 0.06679166666666667 0.09399999999999999
1 0.27706250000000004 0.6602962962962963 0.061421875000000035 0.11758333333333335
1 0.36595833333333333 0.6045185185185186 0.03851041666666669 0.10083333333333341
1 0.48284374999999996 0.5781296296296297 0.04731249999999996 0.0982129629629629
0 0.57053125 0.560712962962963 0.037557291666666735 0.07140740740740752
0 0.5679895833333333 0.5176018518518518 0.0442968750000001 0.04941666666666657
0 0.6810625 0.5395833333333333 0.04126562500000001 0.059564814814814744
1 0.8127552083333334 0.551537037037037 0.042671874999999915 0.05710185185185192
0 0.7816666666666666 0.5889814814814816 0.05429166666666655 0.09051851851851851
0 0.6823489583333333 0.7004537037037037 0.1012604166666667 0.16915740740740745
1 0.6433177083333333 0.5351851851851852 0.03936458333333329 0.05753703703703713
1 0.8608645833333333 0.6441944444444445 0.05982812499999994 0.1388888888888889
0 0.5344218749999999 0.7077685185185185 0.10316145833333336 0.14583333333333334
1 0.8112083333333333 0.7206851851851852 0.08566666666666668 0.18201851851851844
1 0.7349739583333333 0.6359259259259259 0.07264062499999989 0.1401203703703703
1 0.6486041666666666 0.6073425925925926 0.06076041666666659 0.08908333333333336
0 0.8749791666666666 0.5655277777777777 0.021177083333333256 0.06210185185185179
0 0.8309375 0.5916574074074075 0.041671875000000115 0.09205555555555563