1 0.4515 0.5696111111111111 0.03483333333333327 0.0811574074074075
1 0.6239895833333333 0.5334907407407407 0.038973958333333295 0.054129629629629666
0 0.676671875 0.5411111111111111 0.03764062499999999 0.05783333333333337
1 0.21410416666666665 0.6415185185185186 0.048416666666666684 0.08807407407407418
1 0.2713645833333333 0.65575 0.07248958333333337 0.12480555555555552
1 0.7180729166666667 0.6326111111111111 0.061348958333333314 0.14050925925925925
0 0.7835416666666667 0.5974814814814815 0.060541666666666556 0.09987962962962953
0 0.8143020833333333 0.550787037037037 0.04880208333333324 0.05150925925925936
1 0.5701197916666667 0.5626203703703704 0.03550520833333337 0.06913888888888896
1 0.4881041666666667 0.5755462962962963 0.03843749999999998 0.09149999999999994
0 0.8677864583333333 0.5849537037037037 0.03386458333333332 0.08272222222222214
0 0.5291145833333333 0.6953611111111111 0.09775000000000003 0.13257407407407412
0 0.629046875 0.6012129629629629 0.049442708333333245 0.09075925925925925
0 0.5701302083333334 0.5157407407407407 0.015197916666666582 0.023324074074074126
0 0.659640625 0.7009074074074074 0.11594791666666661 0.1828611111111111
1 0.4106666666666667 0.654074074074074 0.06883333333333337 0.21355555555555564
0 0.8048229166666666 0.7373333333333334 0.09482812500000008 0.174675925925926
0 0.7335208333333333 0.5816018518518519 0.028640624999999885 0.05909259259259254
1 0.8373541666666667 0.6507592592592593 0.06474479166666663 0.15849074074074082