0 0.0335625 0.7163425925925926 0.067125 0.16189814814814807
1 0.23030208333333332 0.6391481481481481 0.09227604166666664 0.09251851851851858
1 0.2982083333333333 0.6545925925925926 0.05882812500000002 0.11758333333333335
1 0.377515625 0.6080462962962964 0.05561979166666665 0.10445370370370366
1 0.4955416666666667 0.5782314814814815 0.052958333333333364 0.09127777777777771
0 0.56271875 0.5664814814814815 0.05318749999999994 0.0724722222222222
0 0.8130885416666668 0.5536574074074074 0.0345312500000001 0.05944444444444449
0 0.7829010416666667 0.5880092592592592 0.05816666666666658 0.08409259259259254
0 0.6685 0.6980462962962963 0.10995312500000007 0.17007407407407413
1 0.6250260416666666 0.5348796296296295 0.0433750000000001 0.05753703703703713
1 0.8634270833333333 0.6510370370370371 0.06268229166666663 0.13025000000000006
1 0.5461927083333333 0.6995277777777777 0.11339583333333329 0.14928703703703705
0 0.7975781249999999 0.7437777777777778 0.14353645833333342 0.1870833333333333
1 0.7233750000000001 0.6248796296296296 0.06609375000000005 0.11411111111111112
1 0.6321979166666666 0.6090277777777777 0.05653645833333343 0.09787962962962966
0 0.8476927083333333 0.5911018518518518 0.04653125000000007 0.08869444444444441
1 0.44637499999999997 0.570675925925926 0.0514375 0.08771296296296298