1 0.4511354166666666 0.5782592592592593 0.04641666666666673 0.09845370370370364
0 0.6244895833333334 0.5362592592592592 0.041458333333333285 0.0643055555555556
0 0.6730729166666667 0.5448796296296297 0.04126041666666656 0.06556481481481477
0 0.80403125 0.7389166666666667 0.09496354166666662 0.1844444444444445
0 0.20993229166666666 0.6540370370370371 0.08159895833333332 0.11448148148148157
1 0.2799479166666667 0.6639074074074074 0.07126041666666663 0.12152777777777778
1 0.7152239583333333 0.633611111111111 0.06996875000000008 0.14165740740740743
0 0.7308854166666666 0.577 0.022953125000000085 0.04944444444444453
0 0.7788489583333333 0.5966944444444444 0.05410937499999993 0.09830555555555562
1 0.816328125 0.5500277777777778 0.04600000000000008 0.05016666666666673
1 0.5703385416666666 0.5614629629629629 0.036375000000000074 0.07146296296296302
1 0.493296875 0.5764074074074074 0.03612499999999995 0.09541666666666662
0 0.869296875 0.6025648148148148 0.04463541666666657 0.11792592592592584
0 0.5284687499999999 0.6992037037037037 0.09715104166666665 0.13480555555555548
0 0.6296666666666667 0.5966666666666667 0.03809374999999993 0.07780555555555553
0 0.6534114583333334 0.7121759259259259 0.0932916666666666 0.17278703703703693
1 0.837140625 0.6528055555555555 0.06822395833333322 0.15458333333333338
0 0.5700208333333333 0.514712962962963 0.014979166666666781 0.027935185185185254