0 0.0335625 0.7248055555555555 0.067125 0.1481388888888889
1 0.28133854166666666 0.6594166666666667 0.09680208333333332 0.11138888888888884
1 0.49504166666666666 0.5752222222222222 0.04577083333333339 0.09127777777777771
0 0.56271875 0.5650185185185186 0.05318749999999994 0.0753981481481482
0 0.8138124999999999 0.5516296296296296 0.04348958333333333 0.06349999999999993
0 0.7834010416666667 0.591574074074074 0.06109375000000009 0.08409259259259254
1 0.6439583333333334 0.7150833333333333 0.10967187500000009 0.168425925925926
1 0.6325052083333333 0.5369074074074074 0.0433750000000001 0.06274074074074074
1 0.863046875 0.6571203703703704 0.06268229166666663 0.13025000000000006
0 0.5366041666666667 0.6893240740740741 0.10200000000000002 0.14928703703703705
1 0.7943854166666667 0.7488981481481481 0.1218593749999999 0.16292592592592595
1 0.6318385416666668 0.6134166666666667 0.061161458333333245 0.11009259259259267
0 0.8534895833333334 0.5874907407407407 0.046578124999999915 0.07917592592592591
1 0.45788541666666666 0.5686759259259259 0.038395833333333344 0.08766666666666673
0 0.3166145833333333 0.5934907407407408 0.0579010416666667 0.08184259259259269
1 0.20744791666666668 0.6520277777777779 0.07188020833333333 0.11400925925925937
1 0.7215208333333333 0.6342037037037037 0.07991666666666669 0.13516666666666668