0 0.457515625 0.5658055555555556 0.04194270833333332 0.07927777777777789
1 0.49503125000000003 0.5767685185185185 0.03114062499999998 0.0956111111111111
0 0.5701197916666667 0.5631944444444444 0.03639583333333339 0.07170370370370376
1 0.6249739583333334 0.5327962962962962 0.03679687500000005 0.05081481481481492
0 0.6757760416666667 0.5410648148148148 0.03585416666666674 0.057935185185185124
1 0.7790104166666667 0.7366666666666667 0.07101562499999996 0.16525925925925927
1 0.5558645833333333 0.6978333333333333 0.072796875 0.13817592592592595
0 0.6701614583333334 0.6967222222222222 0.10384895833333327 0.19358333333333327
0 0.21377083333333333 0.6359907407407407 0.03940104166666666 0.08462037037037046
0 0.3177447916666667 0.6031111111111112 0.05915104166666663 0.07632407407407413
1 0.2657083333333333 0.6605277777777778 0.06583854166666665 0.11134259259259259
1 0.6258072916666666 0.6193703703703703 0.03668229166666658 0.12177777777777776
1 0.7120468750000001 0.6332777777777778 0.06377083333333336 0.14041666666666675
1 0.7350781249999999 0.5865185185185186 0.02802083333333343 0.06710185185185187
1 0.818515625 0.566962962962963 0.0471927083333334 0.08490740740740745
1 0.571515625 0.51875 0.01677083333333324 0.02899074074074069
1 0.8680416666666667 0.599037037037037 0.03380208333333338 0.11879629629629626
1 0.7836822916666667 0.5987777777777777 0.05508854166666666 0.1076388888888889