1 0.4482291666666667 0.5824074074074074 0.04332812500000003 0.10932407407407402
1 0.6235208333333334 0.5380092592592592 0.041760416666666585 0.057953703703703625
0 0.6792760416666667 0.5409166666666667 0.04205729166666667 0.06270370370370373
1 0.21059375 0.6626481481481481 0.06639062500000001 0.10869444444444454
0 0.27453645833333334 0.6664537037037037 0.06008333333333331 0.1235370370370371
0 0.7254791666666667 0.63 0.06677083333333324 0.13580555555555562
0 0.7814427083333333 0.5954907407407407 0.052651041666666745 0.0958981481481481
1 0.8162395833333334 0.5573333333333333 0.04763541666666669 0.06290740740740745
0 0.5641875 0.5670555555555555 0.05682291666666662 0.07800925925925926
1 0.4947916666666667 0.5825555555555555 0.04780208333333332 0.10848148148148155
0 0.8691718749999999 0.5998333333333333 0.043562499999999935 0.12428703703703706
1 0.5566510416666667 0.6959444444444445 0.07875520833333335 0.16278703703703698
0 0.64775 0.5869537037037037 0.024994791666666554 0.061722222222222296
0 0.5726302083333333 0.5240925925925926 0.03377604166666662 0.038101851851851935
1 0.8317187500000001 0.6108703703703704 0.03800000000000002 0.060629629629629644
0 0.6509791666666668 0.7068703703703704 0.07995312500000011 0.18883333333333338
1 0.8179947916666667 0.7258333333333333 0.07893749999999997 0.18518518518518517
0 0.031229166666666665 0.7171388888888889 0.06245833333333333 0.15484259259259261