0 0.04048958333333333 0.704712962962963 0.08097916666666666 0.16678703703703693
1 0.28008854166666663 0.6572222222222222 0.06811979166666665 0.12816666666666673
1 0.21242708333333335 0.6478611111111111 0.06654166666666667 0.10745370370370366
1 0.4614479166666667 0.570462962962963 0.048385416666666715 0.07839814814814822
1 0.6287864583333334 0.5358518518518519 0.04355729166666673 0.06046296296296292
0 0.5671458333333333 0.5600462962962963 0.04630729166666659 0.07071296296296307
0 0.8194427083333333 0.5581296296296296 0.04656250000000005 0.06697222222222216
1 0.7825260416666667 0.5945648148148148 0.06263541666666678 0.0963333333333333
1 0.8661354166666667 0.6545 0.05505729166666669 0.12280555555555545
1 0.7289947916666667 0.6267222222222222 0.07689062500000006 0.12802777777777777
1 0.63625 0.6053518518518518 0.05872395833333333 0.09771296296296293
0 0.6683177083333334 0.7056018518518518 0.12255208333333342 0.17009259259259263
0 0.803640625 0.7515833333333334 0.1367031249999999 0.1882962962962964
0 0.8509791666666667 0.5780555555555555 0.05108333333333329 0.06711111111111112
1 0.49988541666666664 0.5783055555555556 0.045552083333333354 0.08846296296296292
1 0.8758177083333333 0.5587592592592593 0.017984375000000104 0.04731481481481473
0 0.5336197916666666 0.6890185185185185 0.10150520833333326 0.13902777777777786
0 0.317828125 0.5987407407407407 0.06192187500000005 0.09089814814814821