1 0.04716145833333333 0.7253425925925926 0.09432291666666666 0.14220370370370364
1 0.2880729166666667 0.657712962962963 0.0792604166666667 0.109611111111111
1 0.48848437499999997 0.5752222222222222 0.03832291666666663 0.09127777777777771
0 0.56653125 0.5617500000000001 0.05318749999999994 0.0753981481481482
1 0.80721875 0.5538055555555556 0.05526041666666662 0.06019444444444444
1 0.41766666666666663 0.758175925925926 0.11288541666666667 0.483638888888889
0 0.682640625 0.7007129629629629 0.10967187500000009 0.1742962962962963
0 0.6333072916666667 0.5251851851851852 0.0361718749999999 0.06274074074074074
1 0.8460833333333333 0.636287037037037 0.08382291666666669 0.12197222222222225
0 0.5363645833333333 0.6943888888888889 0.10200000000000002 0.14928703703703705
0 0.7943854166666667 0.7488981481481481 0.1218593749999999 0.16292592592592595
1 0.8770625 0.5628981481481481 0.01902604166666677 0.05246296296296304
0 0.3166145833333333 0.5890462962962962 0.0579010416666667 0.07294444444444442
1 0.21469791666666668 0.6504814814814814 0.07044270833333334 0.10337962962962971
1 0.6442187500000001 0.6135277777777778 0.056635416666666556 0.11956481481481471
1 0.7358697916666667 0.6305740740740741 0.07340104166666658 0.13294444444444437
0 0.8592031250000001 0.5758796296296297 0.036630208333333296 0.06480555555555556