0 0.0335625 0.7163425925925926 0.067125 0.16189814814814807
1 0.22585416666666666 0.6347037037037038 0.08282812499999999 0.10141666666666664
1 0.28472916666666664 0.6570648148148148 0.06410937499999998 0.11758333333333335
1 0.352921875 0.5989074074074074 0.04033333333333336 0.10099074074074069
1 0.4955416666666667 0.5782314814814815 0.052958333333333364 0.09127777777777771
0 0.56271875 0.5664814814814815 0.05318749999999994 0.0724722222222222
0 0.8130885416666668 0.5536574074074074 0.0345312500000001 0.05944444444444449
0 0.7829010416666667 0.5880092592592592 0.05816666666666658 0.08409259259259254
0 0.6665572916666667 0.7024907407407408 0.10995312500000007 0.17007407407407413
1 0.6250260416666666 0.5348796296296295 0.0433750000000001 0.05753703703703713
1 0.8634270833333333 0.6510370370370371 0.06268229166666663 0.13025000000000006
0 0.5382708333333334 0.6940925925925926 0.10200000000000002 0.14928703703703705
0 0.7975781249999999 0.7437777777777778 0.14353645833333342 0.1870833333333333
1 0.72865625 0.6285833333333334 0.08054687500000005 0.12449074074074078
1 0.6321979166666666 0.611 0.05653645833333343 0.10183333333333335
1 0.8590885416666667 0.5812222222222222 0.04653125000000007 0.08375000000000005
0 0.44831770833333334 0.5687037037037037 0.0514375 0.08771296296296298