1 0.45089062500000004 0.576324074074074 0.04367708333333328 0.09458333333333342
1 0.6239895833333333 0.5365740740740741 0.038973958333333295 0.05783333333333337
0 0.6771927083333333 0.5394166666666668 0.03868229166666666 0.06450925925925932
0 0.20997395833333332 0.6607777777777778 0.06628125 0.13157407407407398
1 0.2810416666666667 0.6679814814814814 0.0780885416666667 0.1337037037037038
0 0.7303177083333333 0.634537037037037 0.07088541666666662 0.14478703703703694
0 0.78025 0.6017962962962964 0.05026562500000011 0.1085092592592593
0 0.8176302083333333 0.5683981481481482 0.043401041666666626 0.0881666666666667
1 0.5701197916666667 0.5626203703703704 0.03550520833333337 0.06913888888888896
1 0.49278645833333334 0.5788425925925925 0.03945833333333333 0.10107407407407415
0 0.8714791666666667 0.5886759259259259 0.02647916666666674 0.09014814814814806
1 0.5374427083333334 0.6924444444444445 0.1139270833333334 0.15287962962962953
0 0.6467291666666667 0.591388888888889 0.09582291666666667 0.0437685185185185
1 0.8457239583333334 0.6390648148148149 0.04651041666666676 0.1239351851851851
0 0.6589375000000001 0.7066018518518519 0.08186979166666669 0.19027777777777777
0 0.03575520833333334 0.7094074074074074 0.07151041666666667 0.15491666666666662
1 0.8265416666666667 0.7393981481481481 0.07604166666666666 0.19512962962962963
0 0.5697760416666667 0.5216759259259259 0.039322916666666666 0.04186111111111115