0 0.03735937500000001 0.7096018518518519 0.07148958333333333 0.1541759259259259
0 0.24141145833333333 0.6463796296296297 0.06699999999999996 0.1058518518518518
0 0.3057552083333333 0.6557407407407407 0.05184895833333331 0.11537962962962954
0 0.45247916666666665 0.5660462962962963 0.03798958333333336 0.08009259259259259
0 0.48707812500000003 0.5738518518518518 0.04061458333333334 0.0892870370370371
0 0.5641822916666667 0.5602037037037036 0.05704166666666666 0.07122222222222228
1 0.623875 0.5309259259259259 0.036963541666666565 0.055018518518518585
0 0.6775572916666667 0.540138888888889 0.04009375000000001 0.060398148148148166
1 0.6515677083333333 0.6779907407407407 0.061130208333333276 0.13561111111111115
1 0.8006927083333333 0.734074074074074 0.10483854166666665 0.1793703703703704
0 0.7806927083333334 0.594388888888889 0.04435937500000004 0.09383333333333325
0 0.85990625 0.5836574074074075 0.04780208333333344 0.09092592592592597
0 0.8138177083333333 0.5451111111111111 0.03409375000000002 0.05843518518518509
1 0.5545208333333334 0.6845277777777777 0.08397395833333335 0.13969444444444434
0 0.5646927083333334 0.5101944444444444 0.014296874999999905 0.02512037037037047
0 0.31505208333333334 0.5819722222222222 0.02570833333333328 0.03341666666666659
0 0.7015104166666667 0.6122037037037037 0.06653645833333334 0.09727777777777773
1 0.15632812499999998 0.8038425925925926 0.12490624999999998 0.3894814814814816
0 0.6536145833333333 0.5884537037037036 0.02464062499999997 0.054787037037037106
0 0.7278645833333334 0.5778611111111112 0.03196354166666661 0.0588148148148148
0 0.8325104166666667 0.6258796296296296 0.05965624999999998 0.10335185185185175