0 0.04065625 0.7020648148148149 0.08008333333333333 0.17509259259259252
0 0.23282291666666666 0.647638888888889 0.06819791666666669 0.10333333333333325
0 0.3057552083333333 0.6567592592592593 0.05184895833333331 0.11334259259259268
0 0.45575520833333333 0.5662407407407407 0.04105729166666663 0.0804907407407408
0 0.5035572916666667 0.5741574074074074 0.05125520833333338 0.09103703703703697
0 0.566734375 0.5586296296296297 0.03678645833333339 0.07437962962962956
0 0.6249687500000001 0.5331574074074074 0.03699479166666677 0.06185185185185181
0 0.6768906250000001 0.5399444444444444 0.038432291666666646 0.06079629629629637
0 0.8038958333333334 0.7329444444444445 0.08615625000000003 0.1816111111111112
0 0.7121718749999999 0.617287037037037 0.06391145833333335 0.11479629629629631
0 0.786078125 0.594388888888889 0.049802083333333275 0.09383333333333325
0 0.86525 0.5857592592592593 0.037114583333333444 0.09749999999999996
0 0.814703125 0.5442685185185184 0.030380208333333294 0.0551111111111111
0 0.557640625 0.6830833333333334 0.09130208333333337 0.1425925925925926
0 0.5649739583333333 0.5106296296296297 0.013874999999999934 0.02512037037037047
0 0.6458854166666667 0.5845277777777778 0.026015624999999907 0.0418703703703704
0 0.3169375 0.5825092592592592 0.02866145833333332 0.03349074074074081
0 0.7328385416666666 0.578 0.029833333333333437 0.06022222222222219
0 0.4131927083333334 0.6111666666666666 0.04598437499999998 0.09400925925925924
0 0.6638802083333334 0.7017777777777777 0.10838541666666662 0.19399999999999998
0 0.8352031249999999 0.6233796296296297 0.04679687499999995 0.10594444444444451