0 0.0335625 0.7163425925925926 0.067125 0.16189814814814807
1 0.21915625 0.6474907407407408 0.06226562499999998 0.09399999999999999
1 0.27706250000000004 0.6602962962962963 0.061421875000000035 0.11758333333333335
1 0.37702604166666664 0.6087592592592593 0.054635416666666714 0.10302777777777776
1 0.4763177083333333 0.5808055555555556 0.06036458333333338 0.09179629629629639
0 0.56271875 0.56125 0.05318749999999994 0.0724722222222222
0 0.5679895833333333 0.5176018518518518 0.0442968750000001 0.04941666666666657
0 0.6810625 0.5395833333333333 0.04126562500000001 0.059564814814814744
0 0.8144010416666667 0.5482407407407408 0.0393802083333334 0.05051851851851847
0 0.7744375 0.5946388888888889 0.05799479166666662 0.09051851851851851
1 0.6597760416666667 0.7193796296296295 0.11359374999999995 0.17007407407407413
1 0.6382083333333333 0.5335833333333333 0.03936458333333329 0.05753703703703713
1 0.8660364583333333 0.6561388888888889 0.05172916666666675 0.13025000000000006
0 0.5344218749999999 0.7077685185185185 0.10316145833333336 0.14583333333333334
0 0.7912187500000001 0.7451851851851852 0.0836614583333334 0.1870833333333333
0 0.7286614583333333 0.6375277777777778 0.07264062499999989 0.1401203703703703
1 0.6462291666666666 0.612462962962963 0.055984374999999885 0.09786111111111116
0 0.8781354166666666 0.562324074074074 0.014864583333333315 0.055685185185185275
0 0.8522760416666666 0.5908518518518519 0.04736458333333336 0.0882037037037037