0 0.03833333333333333 0.7082407407407407 0.07395833333333333 0.16274999999999998
0 0.23979166666666665 0.6463796296296297 0.06375520833333334 0.1058518518518518
0 0.3057552083333333 0.6557407407407407 0.05184895833333331 0.11537962962962954
0 0.4551979166666667 0.5660462962962963 0.03994791666666669 0.08009259259259259
0 0.502078125 0.5767685185185185 0.05071354166666661 0.08628703703703709
0 0.5670677083333333 0.5602037037037036 0.03745312499999993 0.07122222222222228
0 0.6256979166666666 0.5337500000000001 0.03845312499999996 0.06066666666666665
0 0.6775572916666667 0.540138888888889 0.04009375000000001 0.060398148148148166
0 0.6496041666666666 0.7035462962962963 0.089203125 0.18658333333333332
0 0.802453125 0.7340462962962963 0.08327083333333339 0.17941666666666664
0 0.781609375 0.594388888888889 0.04619270833333336 0.09383333333333325
0 0.8637291666666667 0.5891388888888889 0.040156249999999956 0.09074074074074075
0 0.8128854166666667 0.5451111111111111 0.030796875000000057 0.05843518518518509
0 0.557640625 0.6830833333333334 0.09130208333333337 0.1425925925925926
0 0.5606197916666668 0.5106296296296297 0.019338541666666723 0.02512037037037047
0 0.31505208333333334 0.5817129629629629 0.02570833333333328 0.03393518518518527
0 0.72096875 0.62275 0.07124479166666665 0.10969444444444447
0 0.41523958333333333 0.6076944444444444 0.04267187500000003 0.10098148148148144
0 0.6414635416666666 0.59575 0.03016145833333326 0.06618518518518521
0 0.8314687500000001 0.6213796296296297 0.04926562500000008 0.10040740740740746