0 0.4508645833333333 0.5739074074074074 0.04807812499999997 0.10725925925925918
1 0.49578125 0.5766944444444445 0.03793749999999996 0.09397222222222223
0 0.5674427083333333 0.55775 0.03760937500000002 0.07917592592592591
1 0.6265104166666667 0.5296944444444445 0.03483333333333339 0.05181481481481485
1 0.6757760416666667 0.5391296296296296 0.03585416666666674 0.054064814814814906
1 0.7908437500000001 0.7391388888888889 0.07445833333333335 0.16807407407407407
0 0.7787031249999999 0.5993240740740741 0.05116145833333334 0.09928703703703705
1 0.55334375 0.6831018518518519 0.07045312499999999 0.15426851851851864
1 0.67478125 0.6964444444444444 0.1049218749999999 0.19347222222222227
1 0.21646354166666668 0.6626018518518518 0.06657812500000002 0.13455555555555548
0 0.3238489583333333 0.6158333333333333 0.05780729166666667 0.09906481481481483
0 0.27319791666666665 0.6569907407407407 0.04058333333333334 0.12128703703703704
1 0.7277552083333333 0.5914259259259259 0.04119791666666662 0.08618518518518511
0 0.8458645833333333 0.6009444444444444 0.06287499999999989 0.11370370370370367
1 0.8798802083333332 0.5631759259259259 0.010854166666666743 0.052925925925926
0 0.6314218749999999 0.6187314814814815 0.055432291666666585 0.12305555555555564
1 0.813265625 0.5661851851851852 0.04434895833333338 0.0669814814814814
0 0.5706354166666666 0.5185833333333334 0.01743229166666656 0.026175925925925908