0 0.03759375 0.7082407407407407 0.07247916666666665 0.16274999999999998
0 0.23979166666666665 0.6463796296296297 0.06375520833333334 0.1058518518518518
0 0.3057552083333333 0.6557407407407407 0.05184895833333331 0.11537962962962954
0 0.4551979166666667 0.5660462962962963 0.03994791666666669 0.08009259259259259
0 0.502078125 0.5767685185185185 0.05071354166666661 0.08628703703703709
0 0.5670677083333333 0.5602037037037036 0.03745312499999993 0.07122222222222228
0 0.6256979166666666 0.5337500000000001 0.03845312499999996 0.06066666666666665
0 0.6775572916666667 0.540138888888889 0.04009375000000001 0.060398148148148166
0 0.6571510416666667 0.69975 0.09781770833333331 0.18549999999999991
0 0.8020625 0.7361388888888889 0.1075781250000001 0.17524074074074072
0 0.7854270833333333 0.594388888888889 0.053828124999999956 0.09383333333333325
1 0.8117083333333334 0.5451111111111111 0.038374999999999916 0.05843518518518509
0 0.557640625 0.6830833333333334 0.09130208333333337 0.1425925925925926
0 0.5646197916666666 0.5106296296296297 0.015218749999999896 0.02512037037037047
0 0.31505208333333334 0.5817129629629629 0.02570833333333328 0.03393518518518527
0 0.72096875 0.62275 0.07124479166666665 0.10969444444444447
0 0.41508333333333336 0.6076944444444444 0.042984374999999984 0.10098148148148144
0 0.6438958333333333 0.585037037037037 0.02529166666666664 0.044740740740740685
0 0.8290833333333333 0.6211481481481482 0.0506197916666667 0.08973148148148155
0 0.8637291666666667 0.5863518518518518 0.040156249999999956 0.0963148148148148