0 0.0335625 0.7163425925925926 0.067125 0.16189814814814807
1 0.229765625 0.64675 0.04364583333333331 0.09251851851851858
1 0.26227083333333334 0.6602962962962963 0.031838541666666664 0.11758333333333335
1 0.377515625 0.6087592592592593 0.05561979166666665 0.10302777777777776
1 0.5011510416666667 0.5782314814814815 0.052958333333333364 0.09127777777777771
0 0.56271875 0.56125 0.05318749999999994 0.0724722222222222
0 0.5679895833333333 0.5176018518518518 0.0442968750000001 0.04941666666666657
1 0.41347395833333334 0.7545555555555555 0.09386458333333335 0.35752777777777767
0 0.816828125 0.5534166666666667 0.0345312500000001 0.06087037037037038
1 0.7893125 0.5880092592592592 0.06244270833333327 0.08409259259259254
0 0.6685 0.6980462962962963 0.10995312500000007 0.17007407407407413
1 0.624625 0.5348796296296295 0.03936458333333329 0.05753703703703713
1 0.8686354166666667 0.6515092592592593 0.05172916666666675 0.13025000000000006
1 0.5395104166666667 0.6800462962962963 0.11713541666666671 0.14928703703703705
1 0.7933020833333334 0.7456759259259259 0.11895312499999994 0.1870833333333333
1 0.7233750000000001 0.6248796296296296 0.06609375000000005 0.11411111111111112
1 0.6348697916666667 0.6052222222222222 0.05386458333333337 0.09027777777777778
0 0.8781354166666666 0.562324074074074 0.014864583333333315 0.055685185185185275
0 0.8476927083333333 0.5911018518518518 0.04653125000000007 0.08869444444444441
1 0.312828125 0.7181481481481482 0.09119791666666661 0.42619444444444443