0 0.0335625 0.7163425925925926 0.067125 0.16189814814814807
1 0.22034895833333332 0.6440648148148148 0.06893229166666667 0.10084259259259266
1 0.27706250000000004 0.6641018518518519 0.061421875000000035 0.11758333333333335
1 0.383078125 0.5868425925925925 0.05476562500000005 0.15712962962962967
1 0.4495416666666667 0.5657962962962962 0.0431666666666666 0.1018425925925926
1 0.5095364583333333 0.58075 0.04526041666666671 0.09761111111111118
0 0.57053125 0.560712962962963 0.037557291666666735 0.07140740740740752
0 0.5681562499999999 0.5176018518518518 0.035843750000000084 0.04941666666666657
0 0.6810625 0.5395833333333333 0.04126562500000001 0.059564814814814744
0 0.8136979166666667 0.5580092592592593 0.05438541666666671 0.07005555555555563
0 0.7843697916666666 0.5930925925925925 0.05429166666666655 0.09051851851851851
0 0.8501145833333333 0.5805 0.04830208333333322 0.06025925925925919
0 0.6746458333333333 0.6917407407407408 0.1012604166666667 0.16915740740740745
1 0.6433177083333333 0.5351851851851852 0.03936458333333329 0.05753703703703713
1 0.8559635416666667 0.6521018518518519 0.06760416666666676 0.14429629629629623
1 0.5330677083333334 0.6993518518518518 0.10316145833333336 0.14583333333333334
1 0.8008177083333333 0.7292777777777778 0.08566666666666668 0.18201851851851844
1 0.7349739583333333 0.6315555555555556 0.07264062499999989 0.14886111111111108
1 0.6300052083333333 0.6178611111111111 0.052104166666666646 0.0977962962962962