1 0.45158333333333334 0.5775925925925925 0.045677083333333354 0.09969444444444452
1 0.625625 0.535712962962963 0.04224479166666673 0.05611111111111103
1 0.6754739583333333 0.5420833333333334 0.04347916666666667 0.0650277777777778
0 0.21669791666666666 0.6595277777777777 0.06785937499999999 0.13478703703703698
0 0.276328125 0.660712962962963 0.05323437500000002 0.11123148148148138
1 0.7289791666666667 0.6351481481481481 0.06253124999999997 0.1460092592592593
0 0.7823125 0.5963240740740741 0.054390624999999915 0.09755555555555546
1 0.8215468749999999 0.5648148148148148 0.04704687499999996 0.08100000000000002
0 0.5652083333333333 0.5626203703703704 0.05478124999999991 0.06913888888888896
1 0.4923125 0.5771574074074074 0.03378124999999995 0.09768518518518518
1 0.8771145833333333 0.5624444444444445 0.015203125000000029 0.04543518518518513
1 0.5404322916666667 0.6993333333333334 0.11323958333333337 0.15788888888888888
0 0.6298177083333333 0.6178518518518519 0.056229166666666684 0.1209537037037038
0 0.5635416666666667 0.5205 0.04616145833333339 0.03950925925925933
1 0.867140625 0.664037037037037 0.049838541666666694 0.13036111111111107
0 0.6773125 0.7160555555555556 0.10176562499999993 0.17287962962962966
0 0.03491145833333333 0.7103055555555555 0.06981770833333334 0.1495092592592593
1 0.8211822916666667 0.7400462962962963 0.06648958333333325 0.17808333333333326