0 0.034895833333333334 0.7125 0.06979166666666667 0.15648148148148147
1 0.268953125 0.6669074074074074 0.06338020833333337 0.10826851851851858
1 0.22126041666666665 0.654324074074074 0.048875000000000016 0.10341666666666671
1 0.4921510416666666 0.5748425925925926 0.04122916666666671 0.10229629629629632
1 0.45667708333333334 0.564287037037037 0.03850520833333337 0.07962962962962963
1 0.625109375 0.5324814814814816 0.04377604166666676 0.06446296296296307
0 0.5759687499999999 0.5206759259259259 0.038328125000000074 0.058046296296296346
0 0.5670208333333334 0.5667685185185185 0.04301562500000008 0.06149074074074082
0 0.8126770833333333 0.5557962962962962 0.04656250000000005 0.06697222222222216
0 0.876171875 0.5651296296296296 0.01832291666666658 0.0554537037037038
0 0.7801197916666667 0.5796018518518519 0.047489583333333245 0.06656481481481491
0 0.8549375 0.5835092592592593 0.05331250000000007 0.07849999999999997
1 0.8339531250000001 0.6333981481481482 0.0860260416666667 0.06923148148148146
1 0.7303333333333334 0.6283611111111111 0.07344791666666665 0.12706481481481482
1 0.6521770833333334 0.6063796296296297 0.06666145833333322 0.10188888888888885
1 0.5299479166666666 0.687037037037037 0.0914947916666667 0.14787962962962967
0 0.6619114583333333 0.7081111111111111 0.10741145833333335 0.17009259259259263
1 0.8231979166666666 0.727111111111111 0.10088020833333336 0.16547222222222224
0 0.6772812500000001 0.540537037037037 0.03803645833333344 0.05908333333333328