0 0.04048958333333333 0.704712962962963 0.08097916666666666 0.16678703703703693
1 0.27557291666666667 0.6546851851851851 0.05907812500000003 0.12308333333333339
1 0.23390625 0.6441574074074075 0.05383333333333334 0.11009259259259267
1 0.47660416666666666 0.5851851851851851 0.07635937499999995 0.09270370370370361
0 0.6393645833333333 0.5341666666666667 0.04355729166666673 0.06046296296296292
0 0.5646927083333334 0.5644444444444444 0.04630729166666659 0.07071296296296307
0 0.8119635416666667 0.5563981481481481 0.04656250000000005 0.06697222222222216
1 0.773046875 0.5933518518518519 0.06263541666666678 0.0963333333333333
1 0.8649583333333334 0.6454537037037037 0.05505729166666669 0.12280555555555545
1 0.7169843749999999 0.6326203703703703 0.07255729166666663 0.12854629629629624
1 0.6417291666666666 0.6169907407407408 0.0677916666666666 0.10503703703703708
0 0.527796875 0.703212962962963 0.09689583333333338 0.13965740740740734
0 0.6651927083333333 0.7106018518518519 0.12255208333333342 0.17009259259259263
0 0.8289739583333334 0.7402222222222222 0.11234374999999991 0.17884259259259266
0 0.85065625 0.5768981481481481 0.05108333333333329 0.06711111111111112
1 0.3743177083333334 0.6049074074074073 0.07097916666666665 0.10306481481481476
0 0.5661510416666666 0.5228425925925926 0.04188020833333326 0.054277777777777675
0 0.6771458333333332 0.5427777777777778 0.04496354166666663 0.061018518518518604
1 0.8758177083333333 0.5587592592592593 0.017984375000000104 0.04731481481481473