0 0.46427604166666664 0.5695648148148148 0.04214583333333337 0.08560185185185189
1 0.5062083333333333 0.5792962962962963 0.04098437500000003 0.09312962962962956
0 0.5673177083333333 0.5607962962962962 0.049125000000000085 0.06785185185185183
1 0.6265104166666667 0.5318055555555555 0.03483333333333339 0.053157407407407486
0 0.6757760416666667 0.5391296296296296 0.03585416666666674 0.054064814814814906
1 0.7922864583333333 0.7390555555555555 0.07254166666666677 0.1647592592592593
1 0.7863958333333334 0.5986851851851852 0.05520833333333333 0.09799999999999992
1 0.556546875 0.6909814814814814 0.07347916666666662 0.15378703703703697
0 0.6973333333333334 0.6944907407407407 0.11533333333333336 0.20281481481481478
0 0.22531770833333334 0.6362222222222222 0.053 0.08490740740740745
0 0.27560416666666665 0.65325 0.04718749999999998 0.11758333333333335
1 0.8771302083333333 0.564787037037037 0.016447916666666628 0.04645370370370377
1 0.6355625 0.6188888888888888 0.056026041666666755 0.12337037037037038
1 0.5710625 0.5185648148148148 0.022296874999999973 0.02779629629629628
1 0.8160364583333333 0.5596481481481481 0.040052083333333384 0.06700925925925937
1 0.7300208333333333 0.5798888888888889 0.03420833333333325 0.061712962962963046
0 0.3205208333333333 0.6036481481481482 0.05466666666666668 0.07469444444444451
1 0.8462135416666666 0.5972222222222222 0.0572656249999999 0.10625