0 0.034895833333333334 0.7125 0.06979166666666667 0.15648148148148147
1 0.27903125 0.6515462962962962 0.06708333333333331 0.11558333333333326
1 0.22126041666666665 0.654324074074074 0.048875000000000016 0.10341666666666671
1 0.4921510416666666 0.579962962962963 0.04122916666666671 0.10229629629629632
1 0.45009374999999996 0.5664814814814815 0.03850520833333337 0.07962962962962963
1 0.637859375 0.5368703703703704 0.04377604166666676 0.06446296296296307
0 0.5767916666666667 0.5243333333333333 0.038328125000000074 0.04634259259259255
0 0.5670208333333334 0.5667685185185185 0.04301562500000008 0.06149074074074082
0 0.8126770833333333 0.5557962962962962 0.04656250000000005 0.06697222222222216
0 0.7801197916666667 0.5796018518518519 0.047489583333333245 0.06656481481481491
1 0.8549375 0.5835092592592593 0.05331250000000007 0.07849999999999997
1 0.867625 0.6496018518518519 0.047145833333333324 0.12139814814814806
0 0.7322447916666667 0.61725 0.06963020833333336 0.10484259259259261
1 0.6499583333333334 0.6033611111111111 0.06222395833333323 0.09585185185185184
0 0.5299479166666666 0.687037037037037 0.0914947916666667 0.14787962962962967
1 0.7047291666666666 0.6978981481481482 0.12255208333333342 0.17009259259259263
1 0.8231979166666666 0.727111111111111 0.10088020833333336 0.16547222222222224
0 0.6772812500000001 0.540537037037037 0.03803645833333344 0.05908333333333328