0 0.04048958333333333 0.704712962962963 0.08097916666666666 0.16678703703703693
1 0.2824010416666667 0.6552592592592592 0.07273437500000002 0.1242407407407408
1 0.21342708333333332 0.6409814814814815 0.06488541666666668 0.10373148148148145
1 0.49545833333333333 0.5794074074074074 0.04190104166666669 0.09038888888888878
0 0.6325364583333334 0.5347407407407407 0.04355729166666673 0.06046296296296292
0 0.570546875 0.5632870370370371 0.04630729166666659 0.07071296296296307
0 0.8119635416666667 0.5563981481481481 0.04656250000000005 0.06697222222222216
0 0.7834479166666667 0.5979814814814816 0.06263541666666678 0.0963333333333333
1 0.8649583333333334 0.6454537037037037 0.05505729166666669 0.12280555555555545
1 0.7169843749999999 0.6326203703703703 0.07255729166666663 0.12854629629629624
1 0.64140625 0.6117870370370371 0.0677916666666666 0.10503703703703708
0 0.6651927083333333 0.7106018518518519 0.12255208333333342 0.17009259259259263
0 0.7990625 0.7558333333333332 0.11234374999999991 0.17884259259259266
0 0.85065625 0.5768981481481481 0.05108333333333329 0.06711111111111112
0 0.3135260416666667 0.5979722222222221 0.05017187499999996 0.08687962962962956
1 0.46000520833333336 0.5676481481481481 0.038953124999999984 0.07104629629629632
1 0.8758177083333333 0.5587592592592593 0.017984375000000104 0.04731481481481473
0 0.535921875 0.6893333333333334 0.09689583333333332 0.13965740740740734