0 0.03777083333333333 0.7123611111111111 0.06902083333333334 0.15449999999999992
0 0.24017708333333332 0.6463796296296297 0.06453125000000001 0.1058518518518518
0 0.3057552083333333 0.6557407407407407 0.05184895833333331 0.11537962962962954
0 0.4551979166666667 0.5660462962962963 0.03994791666666669 0.08009259259259259
0 0.502078125 0.5767685185185185 0.05071354166666661 0.08628703703703709
0 0.5670677083333333 0.5602037037037036 0.03745312499999993 0.07122222222222228
0 0.6256979166666666 0.5337500000000001 0.03845312499999996 0.06066666666666665
0 0.6775572916666667 0.540138888888889 0.04009375000000001 0.060398148148148166
0 0.6571145833333334 0.7019166666666667 0.09773958333333325 0.18983333333333333
0 0.8012343749999999 0.735037037037037 0.10592187499999994 0.17744444444444454
0 0.8365989583333333 0.6256296296296295 0.052588541666666565 0.09868518518518511
0 0.785578125 0.594388888888889 0.05413020833333325 0.09383333333333325
0 0.8637291666666667 0.5852407407407407 0.040156249999999956 0.09407407407407399
0 0.814234375 0.5451111111111111 0.034921875000000095 0.05843518518518509
0 0.557640625 0.6830833333333334 0.09130208333333337 0.1425925925925926
0 0.5646197916666666 0.5106296296296297 0.015218749999999896 0.02512037037037047
0 0.31505208333333334 0.5817129629629629 0.02570833333333328 0.03393518518518527
0 0.72096875 0.62275 0.07124479166666665 0.10969444444444447
0 0.414921875 0.6076944444444444 0.043312500000000045 0.10098148148148144
0 0.6416822916666667 0.5961666666666667 0.029708333333333316 0.0669999999999999