0 0.0335625 0.7179351851851852 0.067125 0.1481388888888889
1 0.27959895833333337 0.6603055555555556 0.0792604166666667 0.109611111111111
1 0.49504166666666666 0.5752222222222222 0.04577083333333339 0.09127777777777771
0 0.5632187500000001 0.5623518518518519 0.05318749999999994 0.0753981481481482
0 0.8209270833333334 0.5534166666666667 0.04893229166666657 0.06316666666666669
0 0.7834010416666667 0.591574074074074 0.06109375000000009 0.08409259259259254
0 0.6579635416666666 0.7157870370370369 0.10967187500000009 0.1742962962962963
1 0.629171875 0.5369074074074074 0.0433750000000001 0.06274074074074074
1 0.863234375 0.6544814814814816 0.06268229166666663 0.13025000000000006
0 0.5363645833333333 0.6943888888888889 0.10200000000000002 0.14928703703703705
0 0.7943854166666667 0.7488981481481481 0.1218593749999999 0.16292592592592595
0 0.8537916666666666 0.5835092592592593 0.04634375000000001 0.07472222222222226
1 0.46066145833333333 0.5715462962962963 0.044026041666666654 0.08766666666666673
0 0.3166145833333333 0.5934907407407408 0.0579010416666667 0.08184259259259269
1 0.20955729166666667 0.6617222222222222 0.06766145833333331 0.10337962962962971
1 0.7210833333333333 0.6349814814814815 0.07991666666666669 0.13516666666666668
1 0.6428177083333334 0.6055648148148148 0.061161458333333245 0.10063888888888894