0 0.0335625 0.7163425925925926 0.067125 0.16189814814814807
1 0.22141666666666668 0.6474907407407408 0.06679166666666667 0.09399999999999999
1 0.27706250000000004 0.6602962962962963 0.061421875000000035 0.11758333333333335
1 0.35510416666666667 0.5987777777777777 0.03851041666666669 0.10083333333333341
1 0.45510416666666664 0.5494351851851852 0.06370312499999997 0.12390740740740736
1 0.500765625 0.575425925925926 0.04055208333333328 0.09761111111111118
0 0.57053125 0.560712962962963 0.037557291666666735 0.07140740740740752
0 0.5681562499999999 0.5176018518518518 0.035843750000000084 0.04941666666666657
0 0.6810625 0.5395833333333333 0.04126562500000001 0.059564814814814744
1 0.8136979166666667 0.5580092592592593 0.05438541666666671 0.07005555555555563
0 0.7843697916666666 0.5930925925925925 0.05429166666666655 0.09051851851851851
0 0.6823489583333333 0.6932592592592592 0.1012604166666667 0.16915740740740745
1 0.6433177083333333 0.5351851851851852 0.03936458333333329 0.05753703703703713
1 0.8559635416666667 0.6444907407407408 0.06760416666666676 0.14429629629629623
0 0.5330677083333334 0.6993518518518518 0.10316145833333336 0.14583333333333334
0 0.800390625 0.7247129629629631 0.08566666666666668 0.18201851851851844
1 0.7349739583333333 0.6315555555555556 0.07264062499999989 0.14886111111111108
1 0.6464739583333333 0.6231851851851852 0.045687499999999895 0.0962777777777778
1 0.8749791666666666 0.5655277777777777 0.021177083333333256 0.06210185185185179