0 0.45496875 0.581037037037037 0.0389010416666667 0.10659259259259249
1 0.623328125 0.5374537037037037 0.04030208333333339 0.0595925925925925
0 0.6778697916666666 0.5409166666666667 0.03868229166666666 0.06270370370370373
0 0.22085416666666668 0.6546203703703704 0.07118229166666665 0.1223981481481482
1 0.2826927083333333 0.6571574074074075 0.05141666666666668 0.11446296296296286
1 0.7297552083333334 0.6324722222222222 0.06407812500000011 0.14064814814814824
0 0.784296875 0.5974722222222222 0.0583645833333333 0.09986111111111103
1 0.8224427083333333 0.5661851851851852 0.048833333333333444 0.08373148148148155
1 0.5701197916666667 0.5626203703703704 0.03550520833333337 0.06913888888888896
1 0.493 0.576787037037037 0.035161458333333326 0.09695370370370374
0 0.8682916666666666 0.5776481481481481 0.03284895833333342 0.0680833333333333
1 0.5435364583333333 0.6931944444444444 0.10199479166666663 0.1456111111111111
0 0.6309739583333334 0.6215185185185186 0.04389062499999999 0.128287037037037
0 0.5680989583333333 0.5293148148148148 0.048213541666666755 0.05714814814814817
1 0.8681145833333334 0.6598981481481482 0.05032291666666661 0.12984259259259262
0 0.6737864583333334 0.6956944444444445 0.05271354166666668 0.17792592592592602
0 0.03491145833333333 0.7103055555555555 0.06981770833333334 0.1495092592592593
1 0.8190729166666666 0.7314166666666666 0.06110416666666675 0.1791759259259259