1 0.45189583333333333 0.576037037037037 0.05175520833333339 0.09942592592592582
1 0.6229270833333334 0.5348796296296295 0.040572916666666715 0.05422222222222217
0 0.6813958333333333 0.5413796296296297 0.04630208333333338 0.06362962962962966
0 0.7771770833333334 0.6033148148148149 0.04411458333333324 0.1085092592592593
0 0.81021875 0.5594629629629629 0.035255208333333364 0.06557407407407402
0 0.5672916666666666 0.5639907407407407 0.06147395833333344 0.06639814814814818
1 0.4946354166666667 0.5767222222222222 0.03208333333333328 0.09915740740740733
0 0.5313958333333333 0.6880925925925926 0.09174479166666671 0.14829629629629637
1 0.6512552083333334 0.5913148148148148 0.04301562500000008 0.06412962962962962
0 0.57340625 0.5253148148148148 0.036812499999999915 0.043444444444444515
0 0.6495052083333334 0.7059907407407408 0.09143229166666676 0.17699074074074084
1 0.8221770833333333 0.7376574074074074 0.06763020833333329 0.18054629629629632
0 0.03430208333333333 0.7215925925925927 0.06859895833333333 0.14473148148148143
1 0.21225 0.6713888888888889 0.04834374999999997 0.11288888888888896
1 0.7272447916666667 0.6338703703703704 0.06228645833333341 0.13687962962962957
1 0.8623229166666667 0.6531666666666667 0.04609895833333345 0.14461111111111116
0 0.8702291666666666 0.5644907407407407 0.021890625000000104 0.039805555555555566
1 0.2704166666666667 0.674675925925926 0.06904687499999997 0.10599074074074076