0 0.45075000000000004 0.5770462962962963 0.02882812499999995 0.09172222222222218
1 0.4878645833333334 0.5792407407407408 0.047921874999999996 0.09437037037037044
0 0.5673177083333333 0.5633333333333334 0.049125000000000085 0.06277777777777774
1 0.6265104166666667 0.5318055555555555 0.03483333333333339 0.053157407407407486
0 0.6757760416666667 0.5391296296296296 0.03585416666666674 0.054064814814814906
1 0.7825989583333333 0.739712962962963 0.08104687500000006 0.15819444444444436
1 0.5339479166666667 0.7041851851851851 0.09780729166666664 0.12401851851851857
0 0.214953125 0.6595555555555556 0.062234375 0.11426851851851859
0 0.32009375 0.6058333333333333 0.06371874999999996 0.07905555555555566
0 0.2785 0.6598240740740741 0.061880208333333304 0.12273148148148144
1 0.629234375 0.6140833333333333 0.04472395833333328 0.11374074074074067
0 0.57078125 0.5218981481481482 0.03459375000000004 0.034453703703703736
1 0.7178385416666667 0.6178888888888889 0.06318229166666664 0.10851851851851856
0 0.73246875 0.5796018518518519 0.027500000000000094 0.061666666666666585
0 0.78675 0.5953796296296296 0.05917187500000007 0.10183333333333335
0 0.816828125 0.5558240740740741 0.04216145833333324 0.0720555555555555
0 0.6734322916666666 0.7005 0.09588541666666663 0.1830370370370371
1 0.879140625 0.5633703703703704 0.011802083333333258 0.05199074074074082
0 0.8523177083333333 0.6095555555555556 0.05326562499999999 0.11659259259259266