0 0.04145833333333333 0.7046203703703704 0.08168229166666666 0.16999074074074066
0 0.23979166666666665 0.6452685185185185 0.06375520833333334 0.10808333333333335
0 0.3057552083333333 0.6557407407407407 0.05184895833333331 0.11537962962962954
0 0.4551979166666667 0.5660462962962963 0.03994791666666669 0.08009259259259259
0 0.50325 0.5742777777777778 0.05154166666666669 0.09127777777777771
0 0.5670677083333333 0.5602037037037036 0.03745312499999993 0.07122222222222228
0 0.6267447916666666 0.5337500000000001 0.040546874999999954 0.06066666666666665
0 0.801875 0.7340462962962963 0.08211458333333325 0.17941666666666664
0 0.7176197916666667 0.62275 0.07878125000000011 0.10969444444444447
0 0.7841510416666666 0.594388888888889 0.04595312500000001 0.09383333333333325
0 0.86525 0.5877870370370369 0.037114583333333444 0.10156481481481487
0 0.8130937500000001 0.5451111111111111 0.030380208333333294 0.05843518518518509
0 0.557640625 0.6830833333333334 0.09130208333333337 0.1425925925925926
0 0.5658541666666667 0.5106296296296297 0.015640625000000106 0.02512037037037047
0 0.3169427083333333 0.5817129629629629 0.021932291666666614 0.03393518518518527
0 0.6779270833333333 0.540138888888889 0.0412447916666667 0.060398148148148166
0 0.4140989583333334 0.6109074074074073 0.04646875000000002 0.0945462962962962
0 0.6555520833333334 0.7052314814814815 0.10245833333333323 0.18320370370370362
0 0.83428125 0.6198425925925926 0.06102083333333326 0.0915648148148149
0 0.6472604166666667 0.5987407407407407 0.03910937500000008 0.06879629629629626