0 0.0335625 0.717925925925926 0.067125 0.16189814814814807
1 0.28133854166666666 0.6594166666666667 0.09680208333333332 0.11138888888888884
1 0.48304687500000004 0.5752222222222222 0.04974999999999999 0.09127777777777771
0 0.56271875 0.5650185185185186 0.05318749999999994 0.0753981481481482
1 0.8138124999999999 0.5516296296296296 0.04348958333333333 0.06349999999999993
1 0.7834791666666666 0.5910925925925926 0.05816666666666658 0.08409259259259254
1 0.6622083333333334 0.7146111111111111 0.09701041666666678 0.168425925925926
1 0.6325052083333333 0.5343055555555555 0.0433750000000001 0.05753703703703713
1 0.863046875 0.6571203703703704 0.06268229166666663 0.13025000000000006
0 0.5366041666666667 0.6909074074074074 0.10200000000000002 0.14928703703703705
1 0.7859479166666666 0.7438981481481481 0.1218593749999999 0.16292592592592595
1 0.6388697916666667 0.6178703703703703 0.061161458333333245 0.11009259259259267
0 0.8558020833333334 0.5736203703703704 0.05310416666666669 0.06854629629629627
1 0.44540104166666666 0.5683611111111111 0.06335937500000005 0.08703703703703704
0 0.3166145833333333 0.5934907407407408 0.0579010416666667 0.08184259259259269
1 0.20744791666666668 0.6520277777777779 0.07188020833333333 0.11400925925925937
1 0.7273645833333333 0.633 0.0715000000000001 0.13516666666666668