1 0.4555520833333333 0.5761018518518519 0.052390624999999955 0.09956481481481479
0 0.6229270833333334 0.5348796296296295 0.040572916666666715 0.05422222222222217
0 0.6821458333333333 0.5420555555555555 0.04780208333333344 0.06498148148148154
1 0.27786458333333336 0.6713888888888889 0.0775625 0.11955555555555566
0 0.7794427083333333 0.6008796296296297 0.04865104166666659 0.10363888888888895
0 0.806890625 0.5725 0.038265624999999893 0.10812037037037035
0 0.5644166666666667 0.5639907407407407 0.05572916666666667 0.06639814814814818
1 0.4995833333333334 0.5806111111111111 0.032942708333333334 0.10533333333333332
0 0.5348489583333333 0.6905925925925926 0.08727604166666669 0.14329629629629628
0 0.6515104166666668 0.5994537037037037 0.05571875000000001 0.08039814814814808
0 0.5705625 0.5238518518518518 0.04166145833333322 0.038407407407407425
1 0.864375 0.6457870370370371 0.049619791666666656 0.13739814814814802
0 0.65428125 0.7134074074074074 0.08574479166666672 0.17117592592592581
1 0.8233072916666667 0.7391574074074073 0.06988541666666657 0.18352777777777782
0 0.03430208333333333 0.7126574074074074 0.06859895833333333 0.14803703703703694
1 0.20917708333333335 0.6679166666666667 0.0609739583333333 0.11639814814814818
1 0.7290520833333333 0.6322129629629629 0.06589583333333332 0.13597222222222213
0 0.8796406250000001 0.5654444444444444 0.011869791666666648 0.04632407407407405