1 0.46435546875 0.4346788194444444 0.043701171875 0.09185112847222222
0 0.5888671875 0.4040798611111111 0.045196533203125 0.10780164930555555
1 0.89892578125 0.4631076388888889 0.0794677734375 0.1303168402777778
0 0.9580078125 0.3524305555555556 0.0083160400390625 0.057183159722222224
0 0.337890625 0.4986979166666667 0.049041748046875 0.10606553819444445
1 0.5305401098960524 0.40013665490356115 0.03274457695170341 0.07538807189216325
1 0.1763916015625 0.5842013888888888 0.06304931640625 0.13661024305555555
1 0.7529296875 0.5451388888888888 0.10211181640625 0.17838541666666666
0 0.5966796875 0.5342881944444444 0.08709716796875 0.14518229166666666
0 0.2391357421875 0.6640625 0.08880615234375 0.2562934027777778
0 0.7939453125 0.4496527777777778 0.07354736328125 0.14029947916666666
0 0.93505859375 0.3901909722222222 0.05340576171875 0.12163628472222222
1 0.5029296875 0.4461805555555556 0.036834716796875 0.09407552083333333
0 0.876953125 0.3836805555555556 0.06439208984375 0.09852430555555555
0 0.6513671875 0.32421875 0.0302734375 0.058919270833333336
0 0.724609375 0.4364149305555556 0.060089111328125 0.13389756944444445
1 0.81689453125 0.3524305555555556 0.042236328125 0.1086154513888889
0 0.7607421875 0.3259548611111111 0.052032470703125 0.0710177951388889
0 0.7001953125 0.326171875 0.042877197265625 0.06722005208333333
1 0.634765625 0.3563368055555556 0.03582763671875 0.07682291666666667
0 0.388671875 0.5121527777777778 0.052032470703125 0.1064453125
1 0.57421875 0.3559027777777778 0.021484375 0.04416232638888889