1 0.9028333333333334 0.465712962962963 0.08282291666666666 0.12792592592592594
0 0.5845364583333333 0.41818518518518516 0.05621354166666658 0.09705555555555549
0 0.8159166666666666 0.3318425925925926 0.03851041666666669 0.058055555555555596
1 0.5329739583333333 0.398037037037037 0.04339583333333336 0.08106481481481477
1 0.49813541666666666 0.4649351851851852 0.04193749999999999 0.12116666666666663
0 0.3315416666666666 0.4956574074074074 0.05081249999999997 0.10758333333333338
0 0.7504895833333334 0.5399351851851851 0.08728124999999996 0.17285185185185192
0 0.5986354166666668 0.5360277777777778 0.09027083333333343 0.1358518518518519
0 0.7939479166666668 0.4544259259259259 0.06964062500000003 0.14051851851851851
0 0.7275416666666668 0.4338148148148148 0.06030208333333344 0.13150925925925924
0 0.24402083333333333 0.6291203703703704 0.0810572916666667 0.18293518518518512
1 0.8774427083333334 0.3893240740740741 0.060427083333333326 0.10037037037037035
0 0.16064583333333332 0.5828981481481481 0.06396354166666668 0.1256481481481482
1 0.8174843749999999 0.36089814814814813 0.06193229166666659 0.058768518518518546
0 0.443359375 0.42968518518518517 0.04321354166666668 0.07009259259259264
0 0.6352552083333334 0.3615462962962963 0.04046874999999991 0.0738425925925926
1 0.587890625 0.35264814814814816 0.03839062500000002 0.0625
0 0.9340833333333334 0.3906296296296296 0.05611979166666667 0.11208333333333328
0 0.388671875 0.5121574074074075 0.05203125000000005 0.11099999999999995
0 0.701171875 0.3259537037037037 0.03942708333333324 0.06439814814814811
1 0.65625 0.3300740740740741 0.026765624999999935 0.05924074074074076
0 0.95703125 0.35915740740740737 0.009973958333333382 0.06462037037037034
0 0.763671875 0.32725925925925925 0.03677604166666673 0.06944444444444445