0 0.4438489583333334 0.42924999999999996 0.04345833333333336 0.07074999999999997
0 0.6010729166666666 0.5290833333333333 0.08416666666666663 0.1441018518518518
0 0.74609375 0.5390648148148148 0.08728124999999996 0.17252777777777775
0 0.9311510416666666 0.3843333333333333 0.05941666666666663 0.10921296296296301
0 0.16113541666666667 0.5807314814814816 0.06323437499999998 0.127925925925926
0 0.3308125 0.5 0.056333333333333374 0.10720370370370368
1 0.8784166666666666 0.38411111111111107 0.05718750000000009 0.09201851851851851
0 0.3864739583333333 0.5117222222222222 0.05127083333333336 0.11099999999999995
1 0.71875 0.4223240740740741 0.06658854166666663 0.10875000000000004
0 0.8232447916666668 0.3773888888888889 0.05654687500000009 0.09776851851851855
0 0.8203125 0.3248888888888889 0.03811458333333325 0.04039814814814814
0 0.6333020833333334 0.36437037037037034 0.04162500000000004 0.07709259259259259
0 0.24487499999999998 0.6631944444444444 0.08019791666666665 0.25455555555555565
1 0.501953125 0.45051851851851854 0.04153645833333333 0.09320370370370368
0 0.5922864583333334 0.4142777777777778 0.04311979166666665 0.09456481481481481
0 0.7998072916666668 0.45008333333333334 0.09399479166666656 0.14051851851851857
1 0.8994166666666668 0.46744444444444444 0.08135937500000003 0.12250000000000007
0 0.7021510416666668 0.3287777777777778 0.041322916666666744 0.05620370370370375
0 0.591796875 0.34690740740740744 0.03747395833333324 0.04818518518518515
1 0.5278333333333334 0.39084259259259263 0.03515625 0.06749074074074073
0 0.76171875 0.3261759259259259 0.03720312499999991 0.06597222222222222
0 0.6591822916666668 0.32855555555555555 0.025911458333333335 0.05924074074074076