0 0.44608854166666667 0.4478333333333334 0.05118749999999998 0.10513888888888889
1 0.3257760416666667 0.5026574074074074 0.0653385416666667 0.11088888888888888
0 0.6978072916666667 0.33375 0.05574479166666677 0.06663888888888891
0 0.9055312499999999 0.4644074074074074 0.07810416666666668 0.12521296296296291
0 0.23500520833333333 0.6241388888888889 0.07806249999999999 0.21853703703703703
0 0.6899427083333334 0.3441851851851852 0.04001041666666675 0.08750925925925924
0 0.7275416666666668 0.43511111111111106 0.05645833333333338 0.13704629629629622
1 0.5014635416666666 0.4505185185185186 0.040468750000000026 0.09217592592592594
0 0.9321302083333334 0.38107407407407407 0.056333333333333256 0.10524999999999997
0 0.74609375 0.5381944444444444 0.08910937500000007 0.1740462962962963
0 0.5971666666666666 0.5351574074074075 0.09008854166666656 0.14203703703703707
0 0.8803697916666666 0.3893240740740741 0.060854166666666744 0.0967314814814815
0 0.7905260416666666 0.4479166666666667 0.06805208333333326 0.13704629629629628
0 0.591796875 0.4155833333333333 0.04794270833333343 0.09868518518518522
0 0.1540520833333333 0.5755185185185184 0.05654687499999998 0.12412962962962958
1 0.5307604166666666 0.39387962962962964 0.03689583333333335 0.07058333333333335
0 0.3884270833333333 0.5121574074074075 0.051088541666666626 0.11099999999999995
0 0.7622083333333334 0.32270370370370366 0.03494270833333341 0.0658611111111111
0 0.6494166666666668 0.33246296296296296 0.037109375 0.0625
1 0.8266614583333334 0.3760833333333333 0.05184895833333343 0.12098148148148145
0 0.5869166666666668 0.35286111111111107 0.03423958333333322 0.047037037037036995
0 0.6586927083333334 0.3784722222222222 0.04232812499999999 0.14724074074074073