0 0.9394947916666666 0.37115740740740744 0.050151041666666646 0.09729629629629634
0 0.7469895833333333 0.37303703703703706 0.04911979166666664 0.09274999999999996
0 0.8985364583333334 0.44912962962962966 0.07891666666666666 0.08599074074074074
1 0.7554583333333333 0.541675925925926 0.09844791666666666 0.1740462962962963
0 0.640875 0.3610185185185185 0.04224479166666673 0.06852777777777777
0 0.5845572916666666 0.3984722222222222 0.05951041666666678 0.08502777777777781
0 0.7879166666666666 0.42381481481481487 0.07761458333333332 0.08167592592592596
0 0.8263437499999999 0.32228703703703704 0.05213541666666662 0.04464814814814817
0 0.8765364583333334 0.37749074074074074 0.05333333333333338 0.08021296296296296
0 0.7643958333333334 0.3116759259259259 0.04138541666666669 0.042907407407407436
0 0.713421875 0.42693518518518514 0.06032812499999996 0.09438888888888883
0 0.16449999999999998 0.5668888888888889 0.08505729166666669 0.1275462962962963
1 0.5001041666666667 0.4452962962962963 0.048812500000000016 0.0915462962962963
0 0.32652604166666666 0.48127777777777775 0.061348958333333314 0.10018518518518522
0 0.5244166666666666 0.37851851851851853 0.05526562499999995 0.05277777777777778
1 0.8186510416666667 0.3853611111111111 0.0496822916666666 0.09537037037037037
0 0.3860572916666667 0.49746296296296294 0.0645572916666667 0.11299999999999996
0 0.24108333333333334 0.5962037037037037 0.08739062499999999 0.14887962962962958
0 0.8917916666666666 0.5574166666666667 0.11043749999999998 0.17437037037037031
0 0.4387135416666667 0.4175740740740741 0.052510416666666636 0.08186111111111108
0 0.8920260416666667 0.34403703703703703 0.029744791666666732 0.03956481481481483
0 0.6121927083333334 0.5305000000000001 0.0798489583333333 0.13233333333333336