0 0.8999010416666666 0.4648425925925926 0.07946874999999996 0.13053703703703706
0 0.6000989583333334 0.53125 0.08557291666666676 0.1441018518518519
0 0.87890625 0.38693518518518516 0.05822916666666676 0.10562962962962967
0 0.3317864583333333 0.49522222222222223 0.051760416666666725 0.10861111111111107
0 0.7719739583333334 0.5355925925925926 0.1001562500000001 0.17285185185185192
0 0.9331041666666666 0.3923611111111111 0.054994791666666744 0.11860185185185187
1 0.5 0.4461851851851852 0.04638541666666664 0.09581481481481482
0 0.24341145833333336 0.6189074074074074 0.08214583333333335 0.1651203703703703
0 0.7270520833333334 0.4351111111111111 0.06021354166666673 0.139537037037037
1 0.1588125 0.5776944444444444 0.06476041666666668 0.12771296296296303
1 0.8212916666666668 0.38520370370370366 0.05792187500000002 0.10682407407407409
0 0.587984375 0.39993518518518517 0.05416145833333322 0.09484259259259255
0 0.4413958333333333 0.4401759259259259 0.06276041666666667 0.08933333333333335
0 0.6376979166666668 0.36437037037037034 0.03881770833333344 0.07454629629629629
1 0.5315989583333333 0.3964722222222222 0.03826041666666662 0.08255555555555552
0 0.3845208333333333 0.5164907407407406 0.05398437500000005 0.11393518518518514
0 0.8193385416666668 0.3385462962962963 0.04009895833333322 0.07139814814814816
0 0.6953125 0.32725925925925925 0.03448437500000002 0.06624074074074071
0 0.5756354166666667 0.3484259259259259 0.03570312500000009 0.05307407407407412
1 0.6577135416666666 0.3300740740740741 0.027739583333333446 0.059731481481481476
1 0.7862864583333333 0.43907407407407406 0.08123958333333334 0.0878981481481481
0 0.7622083333333334 0.32378703703703704 0.03817708333333343 0.06684259259259254