0 0.6992708333333333 0.32899074074074075 0.045124999999999936 0.059138888888888894
1 0.8139635416666666 0.3722314814814815 0.04385416666666657 0.07854629629629634
0 0.720703125 0.4175 0.06280729166666674 0.10312037037037038
0 0.9342447916666666 0.37630555555555556 0.04818229166666678 0.09734259259259259
0 0.75 0.5360277777777778 0.08691666666666673 0.1665555555555555
0 0.595703125 0.5329907407407407 0.09448437499999993 0.1425740740740741
0 0.15918229166666667 0.5735185185185185 0.06439062499999999 0.14160185185185192
0 0.8810572916666667 0.3760925925925926 0.05742708333333345 0.08805555555555558
0 0.8294427083333333 0.34396296296296297 0.03206249999999997 0.08995370370370369
0 0.7900416666666668 0.4526944444444445 0.07421875 0.1319444444444445
0 0.24182291666666667 0.6101851851851852 0.08587499999999999 0.15937962962962973
0 0.5786145833333334 0.36327777777777776 0.03732291666666659 0.07232407407407408
0 0.438625 0.42812962962962964 0.05298437500000001 0.07603703703703704
0 0.9008802083333334 0.4652777777777778 0.07989583333333337 0.1358518518518519
0 0.6362291666666666 0.36718518518518517 0.043947916666666725 0.0801851851851852
0 0.38515625 0.5063425925925926 0.05903124999999996 0.11828703703703704
1 0.552734375 0.4099351851851852 0.045015624999999976 0.0933703703703704
0 0.6513697916666668 0.325 0.029375000000000047 0.06662962962962966
0 0.33015104166666664 0.4997685185185185 0.06375520833333338 0.10008333333333332
1 0.5854479166666666 0.40599074074074076 0.03811458333333325 0.07457407407407404
1 0.5034166666666666 0.44297222222222227 0.04751562500000001 0.11025925925925929
0 0.7631822916666666 0.32660185185185187 0.03860416666666661 0.0651018518518518