1 0.32877083333333335 0.49643518518518515 0.046994791666666674 0.1050925925925926
0 0.6577135416666666 0.3244722222222222 0.02784895833333323 0.037453703703703746
1 0.5068385416666666 0.4448796296296297 0.03964062499999995 0.09689814814814818
1 0.23093229166666665 0.598675925925926 0.10234895833333332 0.165462962962963
0 0.7705104166666668 0.32422222222222224 0.028104166666666687 0.06477777777777781
0 0.7534166666666666 0.35521296296296295 0.04733333333333339 0.06264814814814812
0 0.4376770833333333 0.42492592592592593 0.04303125000000006 0.07232407407407408
0 0.5756822916666666 0.3443055555555556 0.03555208333333345 0.039361111111111104
0 0.7166875 0.42015740740740737 0.06396354166666664 0.11989814814814816
0 0.646265625 0.3615 0.03942708333333324 0.05199999999999997
0 0.8326770833333333 0.3339537037037037 0.04594270833333335 0.057398148148148156
0 0.9391302083333334 0.37083333333333335 0.04858333333333344 0.10449074074074076
0 0.37949479166666666 0.5057870370370371 0.0484010416666667 0.12249999999999996
0 0.8919843749999999 0.34569444444444447 0.044921875 0.04251851851851848
1 0.5302760416666666 0.3893240740740741 0.03601041666666672 0.06737962962962961
0 0.8037083333333332 0.37007407407407406 0.04360937500000001 0.04792592592592592
0 0.5932604166666666 0.5390648148148148 0.09435937500000004 0.13682407407407407
0 0.5819322916666666 0.4011018518518519 0.05775000000000006 0.08553703703703704
1 0.9174270833333333 0.4769537037037037 0.0753177083333334 0.13313888888888886
1 0.7989791666666667 0.42636111111111114 0.08843229166666665 0.08297222222222224
0 0.8630260416666666 0.3880462962962963 0.03598958333333328 0.08995370370370369
0 0.15746875 0.5776944444444444 0.06634374999999999 0.12435185185185181
0 0.751953125 0.5455740740740741 0.1079687500000001 0.16362962962962965