1 0.149169921875 0.5755208333333334 0.08465576171875 0.1300998263888889
0 0.2425537109375 0.6168401390375516 0.08709716796875 0.16705701418621435
1 0.336669921875 0.4969618055555556 0.04949951171875 0.09977213541666667
1 0.389892578125 0.5138888888888888 0.04949951171875 0.1144748263888889
1 0.58742408945301 0.3471314296766112 0.03846969218773021 0.0394777031032223
1 0.500660367681915 0.4424482735512058 0.039703369140625 0.09776475694444445
0 0.5450387150499482 0.40094495489609755 0.0384521484375 0.09526909722222222
1 0.5852299974710173 0.4036502943900725 0.04441427263609062 0.08933847177418112
0 0.79052734375 0.4539930555555556 0.07586669921875 0.13270399305555555
0 0.8285426364510379 0.33826539392996574 0.0265695122541743 0.07941707258215361
1 0.90478515625 0.4735243055555556 0.08526611328125 0.12163628472222222
0 0.8747771352799693 0.3860977838629133 0.05081633750046066 0.1043306239111372
0 0.9316442684410482 0.377796132039586 0.06114993968040352 0.09901674324583853
0 0.748046875 0.5390625 0.091064453125 0.1701388888888889
0 0.7197265625 0.4377170138888889 0.06109619140625 0.1416015625
0 0.81494140625 0.3849826388888889 0.0469970703125 0.1044921875
0 0.63720703125 0.3654513888888889 0.04168701171875 0.08246527777777778
0 0.65380859375 0.3226996527777778 0.02691650390625 0.061197916666666664
1 0.443603515625 0.4305555555555556 0.04443359375 0.0700954861111111
0 0.7626953125 0.3253038194444444 0.045684814453125 0.06825086805555555
0 0.70361328125 0.3263888888888889 0.036773681640625 0.058919270833333336
0 0.595703125 0.5416666666666666 0.09075927734375 0.13606770833333334