0 0.24130729166666667 0.5852407407407407 0.0669635416666667 0.12075925925925933
0 0.31626041666666665 0.48586111111111113 0.05324479166666667 0.09174074074074072
1 0.9133460818078978 0.46706887089154525 0.06676194257049914 0.11590626030160893
0 0.8004791666666667 0.44811111111111107 0.07018229166666666 0.1003240740740741
0 0.7255885416666668 0.4205 0.060854166666666744 0.11661111111111117
0 0.7514635416666666 0.5399351851851851 0.08850000000000004 0.17339814814814813
0 0.9394479166666667 0.38175925925925924 0.04627083333333341 0.09717592592592597
0 0.8609791666666666 0.3721481481481482 0.038859375000000064 0.07030555555555551
0 0.15966666666666668 0.5763888888888888 0.065125 0.1284722222222222
1 0.8148541666666667 0.3787685185185185 0.05065104166666667 0.08435185185185187
0 0.4453125 0.42577777777777776 0.04193229166666666 0.08035185185185183
0 0.5981458333333334 0.5325555555555556 0.09253124999999993 0.1362870370370371
0 0.8953496121680604 0.35943006441552844 0.033946608997212496 0.07030457327550131
0 0.837828125 0.3341203703703704 0.030515625000000077 0.05934259259259262
1 0.5297864583333334 0.3854166666666667 0.031020833333333307 0.055879629629629654
0 0.5073229166666666 0.4440092592592592 0.04009895833333334 0.09743518518518521
0 0.763671875 0.3261759259259259 0.04733333333333339 0.07020370370370364
0 0.5751979166666668 0.34780555555555553 0.035947916666666656 0.04706481481481485
0 0.6625989583333334 0.3647037037037037 0.02975520833333339 0.07005555555555552
0 0.654296875 0.3146203703703704 0.027437499999999913 0.04683333333333337
0 0.38379166666666664 0.5099814814814815 0.04544270833333333 0.10742592592592591
0 0.5791041666666668 0.3993055555555556 0.03677604166666673 0.08864814814814816
1 0.6162565071186361 0.4011757198284029 0.03999102246445953 0.14327192779618392
0 0.16015625 0.5334201388888888 0.029541015625 0.04275173611111111