0 0.9365 0.36274074074074075 0.057406249999999895 0.08305555555555559
0 0.7513802083333334 0.35941666666666666 0.05276041666666676 0.06859259259259264
0 0.8757916666666666 0.4475555555555556 0.0638125 0.08654629629629632
0 0.7859739583333333 0.5432685185185185 0.10842708333333324 0.1661481481481482
0 0.652578125 0.3639074074074074 0.04224479166666673 0.06852777777777777
0 0.5845572916666666 0.3984722222222222 0.05951041666666678 0.08502777777777781
0 0.7923385416666666 0.4341574074074074 0.07761458333333332 0.08167592592592596
0 0.8381041666666668 0.3236944444444444 0.05 0.05812962962962961
0 0.8765364583333334 0.37304629629629626 0.05333333333333338 0.08021296296296296
0 0.7643958333333334 0.3116759259259259 0.04138541666666669 0.042907407407407436
0 0.7173020833333333 0.4258240740740741 0.06032812499999996 0.09438888888888894
0 0.15838541666666667 0.572324074074074 0.08505729166666666 0.11667592592592592
1 0.5001041666666667 0.4452962962962963 0.048812500000000016 0.0915462962962963
0 0.33555729166666665 0.4931388888888889 0.05106770833333331 0.09326851851851854
1 0.5244166666666666 0.37851851851851853 0.05526562499999995 0.05277777777777778
0 0.3860572916666667 0.49746296296296294 0.0645572916666667 0.11299999999999996
0 0.24108333333333334 0.5937314814814815 0.08739062499999999 0.14887962962962958
0 0.8917916666666666 0.5574166666666667 0.11043749999999998 0.17437037037037031
0 0.4305 0.4258240740740741 0.052510416666666636 0.08186111111111108
1 0.635296875 0.5455648148148149 0.10454166666666656 0.10898148148148153
0 0.651046875 0.3163888888888889 0.04918750000000003 0.04215740740740738
1 0.824234375 0.36837037037037035 0.04911979166666664 0.05906481481481478
0 0.592171875 0.34687962962962965 0.045354166666666626 0.047601851851851826
0 0.7009166666666666 0.3129074074074074 0.03852604166666656 0.06489814814814818
0 0.8886770833333333 0.33151851851851855 0.05556249999999992 0.045907407407407445