0 0.9384374999999999 0.3710185185185185 0.045369791666666735 0.0856759259259259
0 0.329296875 0.48940740740740735 0.047421874999999974 0.10801851851851854
0 0.24135416666666665 0.6228888888888889 0.07824479166666667 0.21451851851851858
0 0.6439374999999999 0.3625 0.038755208333333256 0.0544444444444444
0 0.716796875 0.425962962962963 0.05233854166666655 0.1235185185185185
0 0.7523333333333333 0.3536203703703704 0.04922395833333345 0.056953703703703694
0 0.4403385416666667 0.4254907407407407 0.04336458333333333 0.07259259259259257
0 0.8629895833333333 0.3884722222222222 0.032895833333333256 0.10103703703703704
0 0.7939479166666668 0.45746296296296296 0.07433854166666667 0.13530555555555554
0 0.5771510416666668 0.3490833333333333 0.03823958333333337 0.04945370370370367
0 0.1579583333333333 0.5772592592592594 0.06732291666666666 0.1268425925925926
1 0.9106458333333334 0.4722222222222222 0.08019791666666667 0.125
0 0.59375 0.5364629629629629 0.09448437499999993 0.13801851851851846
0 0.5874427083333333 0.4038148148148148 0.05271354166666668 0.08328703703703708
1 0.49653125000000004 0.4437962962962963 0.03889062500000004 0.09363888888888888
0 0.8398177083333334 0.33160185185185187 0.03807812500000007 0.055898148148148155
0 0.763671875 0.3151574074074074 0.040281250000000074 0.04698148148148149
0 0.8018125 0.3725925925925926 0.04313541666666675 0.054546296296296266
1 0.73565625 0.5563518518518519 0.10650520833333323 0.15342592592592597
0 0.6532135416666667 0.32109259259259254 0.03853645833333322 0.04942592592592592
0 0.3782916666666667 0.5048333333333334 0.06635416666666671 0.10656481481481479
1 0.52734375 0.39019444444444445 0.033203125 0.07020370370370375
0 0.8906875 0.3480462962962963 0.03349479166666664 0.049750000000000016