0 0.9382864583333334 0.37102777777777773 0.053828124999999956 0.09962962962962965
0 0.7455989583333333 0.3672777777777778 0.05709374999999994 0.08431481481481487
0 0.8998229166666667 0.45125925925925925 0.08031249999999991 0.08503703703703701
1 0.75803125 0.5470833333333334 0.10842708333333324 0.15892592592592597
0 0.6560364583333332 0.3639074074074074 0.049156250000000054 0.06852777777777777
0 0.5845572916666666 0.3984722222222222 0.05951041666666678 0.08502777777777781
0 0.7919791666666666 0.4376111111111111 0.07761458333333332 0.06181481481481481
0 0.8311041666666666 0.33269444444444446 0.05 0.06257407407407412
0 0.8765364583333334 0.37304629629629626 0.05333333333333338 0.08021296296296296
0 0.7643958333333334 0.3116759259259259 0.04138541666666669 0.042907407407407436
0 0.70865625 0.4232037037037037 0.06032812499999996 0.1029444444444444
0 0.15477604166666667 0.571787037037037 0.08505729166666669 0.11667592592592592
1 0.4998020833333333 0.44313888888888886 0.048812500000000016 0.0915462962962963
0 0.33160416666666664 0.4906203703703704 0.05897916666666667 0.09608333333333331
1 0.5244166666666666 0.37851851851851853 0.05526562499999995 0.05277777777777778
0 0.3860572916666667 0.49746296296296294 0.0645572916666667 0.11299999999999996
0 0.24108333333333334 0.5981666666666666 0.08739062499999999 0.13444444444444448
0 0.8917916666666666 0.5596574074074073 0.11043749999999998 0.17437037037037031
0 0.439671875 0.4313240740740741 0.052510416666666636 0.08186111111111108
0 0.6097083333333334 0.5196296296296297 0.09792708333333332 0.12608333333333335
0 0.6490677083333334 0.31172222222222223 0.046500000000000104 0.04492592592592591
0 0.8197864583333333 0.3703425925925926 0.0468906250000001 0.061037037037037