0 0.75 0.5390648148148148 0.08959895833333344 0.1701388888888889
0 0.156984375 0.5781296296296297 0.06585937500000001 0.12934259259259265
1 0.4991875 0.4479166666666667 0.04517187500000001 0.09760185185185187
0 0.7275416666666668 0.41878703703703707 0.06143229166666657 0.10829629629629633
0 0.9396145833333333 0.3737962962962963 0.04616145833333339 0.09611111111111106
0 0.595703125 0.5329907407407407 0.08801041666666667 0.14333333333333328
0 0.82421875 0.3230925925925926 0.03396354166666669 0.03853703703703704
0 0.44433854166666664 0.42924999999999996 0.04107812500000006 0.07166666666666664
0 0.3298333333333333 0.4973981481481482 0.053895833333333344 0.10487037037037036
1 0.81640625 0.3836851851851852 0.04885937499999997 0.10427777777777779
0 0.7026354166666666 0.3259537037037037 0.041322916666666744 0.0635277777777778
1 0.867515625 0.3930092592592592 0.05116145833333334 0.10682407407407409
0 0.23986979166666667 0.6527777777777778 0.08691666666666667 0.24197222222222214
0 0.7939479166666668 0.45399074074074075 0.07763541666666664 0.13097222222222216
1 0.5371145833333333 0.3940925925925926 0.047140625000000054 0.0794259259259259
0 0.7631822916666666 0.3229166666666667 0.05050520833333323 0.06575925925925924
0 0.9155260416666666 0.471787037037037 0.0912499999999999 0.12934259259259265
0 0.5922864583333334 0.3949814814814815 0.04452604166666655 0.09367592592592588
0 0.892578125 0.36306481481481484 0.04193229166666678 0.07959259259259263
0 0.3842760416666666 0.5108518518518519 0.04586979166666663 0.10921296296296301
0 0.6528333333333334 0.37272222222222223 0.04247916666666664 0.08919444444444448
0 0.580078125 0.3489074074074074 0.04830729166666667 0.04737037037037034
0 0.6552760416666668 0.31975 0.031984374999999926 0.0397222222222222