0 0.2434646988590157 0.6071103633006777 0.08448173509446863 0.1601842682680222
1 0.5855439890159514 0.39804930369551833 0.04510498046875 0.09680636353740595
1 0.5445414122649239 0.400729058332143 0.04437079165469011 0.08832465277777778
0 0.6545811063697554 0.32421874999999994 0.02976600991673924 0.06309678819444445
0 0.9373324447080426 0.38555539030562247 0.058441162109375 0.10660807291666667
0 0.8235264188697552 0.32187849526546164 0.03092567788548924 0.04409336205870118
0 0.9022793056569393 0.4600694444444444 0.07178416212362108 0.12434895833333333
0 0.8673163886861209 0.39100580711763705 0.057203578153492175 0.11133019062416304
0 0.82275390625 0.3400607638888889 0.032470703125 0.08045789930555555
0 0.79150390625 0.44921875 0.0704345703125 0.13270399305555555
0 0.75146484375 0.5377604166666666 0.09075927734375 0.1706814236111111
0 0.1597900390625 0.5772569444444444 0.06707763671875 0.1293402777777778
0 0.955078125 0.3509114583333333 0.0115509033203125 0.05674913194444445
0 0.71728515625 0.4353298611111111 0.058990478515625 0.13878038194444445
0 0.326171875 0.4995659722222222 0.0567626953125 0.10487196180555555
0 0.498779296875 0.4509548611111111 0.044342041015625 0.09868706597222222
0 0.76025390625 0.3287760416666667 0.0457763671875 0.06825086805555555
0 0.8134765625 0.3862847222222222 0.049957275390625 0.10563151041666667
0 0.38916015625 0.5095486111111112 0.046630859375 0.107421875
0 0.638671875 0.3680555555555556 0.042022705078125 0.07535807291666667
1 0.44140625 0.4296875 0.041778564453125 0.0686306423611111
0 0.60009765625 0.5299479166666666 0.09283447265625 0.14029947916666666
0 0.70166015625 0.3289930555555556 0.038116455078125 0.0556640625