0 0.7626145833333333 0.32849074074074075 0.0474999999999999 0.07717592592592595
1 0.447578125 0.423787037037037 0.04237499999999995 0.08217592592592593
0 0.7016718750000001 0.3262685185185185 0.039817708333333236 0.06505555555555555
0 0.7170833333333333 0.43452777777777785 0.06085937499999995 0.14147222222222225
0 0.49672051690638824 0.44699845309140795 0.044223958333333376 0.09903703703703708
1 0.5908593750000001 0.40787962962962965 0.04440625000000011 0.11493518518518518
0 0.63425 0.3605555555555555 0.043031249999999945 0.07582407407407406
0 0.9321770833333333 0.3886388888888889 0.05784374999999997 0.11527777777777778
1 0.8164374999999999 0.3949814814814815 0.04259895833333331 0.0804907407407407
1 0.5412135416666667 0.3950740740740741 0.04293750000000003 0.07960185185185188
0 0.7891197916666666 0.4514351851851853 0.07504687500000008 0.13913888888888892
1 0.7477916666666666 0.5409537037037038 0.1024322916666667 0.1768240740740741
1 0.8202083333333333 0.34353703703703703 0.04342187499999994 0.08579629629629627
0 0.9013020833333333 0.4616296296296296 0.07618229166666665 0.12993518518518524
0 0.5997395833333333 0.5356203703703704 0.09180208333333345 0.13991666666666674
0 0.5852447916666667 0.3570462962962963 0.03762499999999989 0.06394444444444439
0 0.65185546875 0.3263888888888889 0.028594970703125 0.059516059027777776
1 0.1749267578125 0.5850694444444444 0.063232421875 0.13389756944444445
0 0.39404296875 0.5082465277777778 0.04559326171875 0.11165364583333333
0 0.88037109375 0.3851996527777778 0.06488037109375 0.10660807291666667
0 0.341552734375 0.5034722222222222 0.047698974609375 0.11284722222222222
0 0.2445068359375 0.6558159722222222 0.07806396484375 0.24522569444444445
0 0.689453125 0.375 0.0411376953125 0.15397135416666666
1 0.95654296875 0.3565538194444444 0.01111602783203125 0.055365668402777776