0 0.9382864583333334 0.37102777777777773 0.053828124999999956 0.09962962962962965
0 0.7441718749999999 0.366 0.05696354166666661 0.07865740740740745
0 0.8931927083333334 0.44472222222222224 0.08031249999999991 0.08503703703703706
0 0.78096875 0.5297777777777778 0.10842708333333324 0.15892592592592597
0 0.6560364583333332 0.3639074074074074 0.049156250000000054 0.06852777777777777
0 0.5845572916666666 0.3961851851851852 0.05951041666666678 0.08502777777777781
0 0.8013177083333333 0.41456481481481483 0.07761458333333332 0.08301851851851849
0 0.8357604166666667 0.32616666666666666 0.04852604166666671 0.06415740740740737
0 0.8775937500000001 0.37693518518518515 0.05333333333333338 0.08021296296296296
0 0.7661145833333334 0.31732407407407404 0.044984374999999945 0.057555555555555526
0 0.7108489583333333 0.42920370370370364 0.06262499999999989 0.1069444444444444
0 0.15716145833333334 0.5746666666666667 0.07648437500000001 0.11667592592592592
1 0.4998020833333333 0.44313888888888886 0.048812500000000016 0.0915462962962963
0 0.33160416666666664 0.4906203703703704 0.05897916666666667 0.09608333333333331
1 0.5244166666666666 0.37851851851851853 0.05526562499999995 0.05277777777777778
0 0.3860572916666667 0.49746296296296294 0.0645572916666667 0.11299999999999996
0 0.24108333333333334 0.5981666666666666 0.08739062499999999 0.13444444444444448
0 0.8917916666666666 0.5555462962962963 0.11043749999999998 0.17437037037037031
0 0.43955208333333334 0.4309351851851852 0.052510416666666636 0.08186111111111108
0 0.60140625 0.5353611111111112 0.10316145833333341 0.12439814814814812
1 0.8073802083333333 0.3662592592592593 0.0468906250000001 0.039388888888888855
0 0.8904270833333333 0.34049074074074076 0.04084895833333325 0.037833333333333344
0 0.6475624999999999 0.31877777777777777 0.03958333333333333 0.04287037037037033
0 0.5816250000000001 0.34658333333333335 0.04463020833333336 0.04391666666666662
0 0.7010208333333333 0.32072222222222224 0.04674479166666667 0.055333333333333325