0 0.89453125 0.3468148148148148 0.03891145833333335 0.040694444444444484
0 0.8349791666666667 0.3271851851851852 0.04747916666666659 0.045916666666666696
1 0.333203125 0.49410185185185185 0.048036458333333344 0.10661111111111116
0 0.5771510416666668 0.3458055555555556 0.037901041666666656 0.04132407407407407
0 0.642578125 0.3645833333333333 0.04272395833333344 0.07312962962962964
0 0.43892708333333336 0.4296388888888889 0.04345833333333336 0.07177777777777776
0 0.9385364583333333 0.36786111111111114 0.045718750000000107 0.07670370370370373
0 0.75390625 0.35883333333333334 0.04830729166666667 0.07042592592592598
0 0.7705885416666667 0.3147962962962963 0.029786458333333363 0.04869444444444447
1 0.91015625 0.4726574074074074 0.08081249999999993 0.12771296296296303
0 0.23995833333333336 0.5949351851851852 0.08587500000000002 0.14969444444444452
0 0.15771354166666668 0.5768240740740741 0.06732291666666666 0.1260833333333334
0 0.7211927083333334 0.4351111111111111 0.05309895833333324 0.13465740740740736
0 0.86146875 0.39084259259259263 0.03836458333333326 0.09760185185185183
0 0.6625989583333334 0.3339814814814815 0.026109375000000056 0.04961111111111115
0 0.5932604166666666 0.536888888888889 0.09448437499999993 0.13433333333333333
0 0.3795208333333333 0.4996388888888889 0.0633177083333333 0.10529629629629632
0 0.8037135416666668 0.3731111111111111 0.04385416666666657 0.05427777777777778
0 0.7758802083333334 0.5303796296296296 0.10485937499999996 0.1916203703703704
1 0.8026302083333333 0.44289814814814815 0.06158854166666667 0.1076944444444445
0 0.5857239583333332 0.39878703703703705 0.05859375 0.08371296296296293
0 0.5302760416666668 0.38628703703703704 0.03204166666666672 0.06635185185185183
0 0.498046875 0.44055555555555553 0.04208333333333331 0.08563888888888885
0 0.5053697916666666 0.4136296296296297 0.021817708333333387 0.04014814814814816
1 0.6540052083333333 0.7278333333333333 0.07342708333333334 0.14203703703703713