0 0.7496979166666667 0.5224074074074074 0.08934895833333342 0.13219444444444442
0 0.595640625 0.5296296296296297 0.09601041666666674 0.14029629629629628
0 0.9018541666666666 0.4648425925925926 0.0806250000000001 0.12727777777777782
1 0.7132916666666667 0.4094166666666667 0.06427604166666659 0.08488888888888885
0 0.8844270833333333 0.384175925925926 0.0530520833333334 0.07770370370370366
0 0.7866197916666666 0.45269444444444445 0.07666145833333336 0.13606481481481475
0 0.8139635416666666 0.38672222222222224 0.04257291666666655 0.10389814814814818
0 0.8286145833333334 0.3443981481481481 0.031369791666666674 0.09049074074074076
0 0.93740625 0.3689351851851852 0.037703124999999935 0.09236111111111112
0 0.76171875 0.32855555555555555 0.04296875 0.07047222222222224
0 0.6362291666666666 0.36437037037037034 0.043031249999999945 0.07508333333333336
0 0.5034166666666666 0.4483518518518519 0.04458854166666661 0.09814814814814815
0 0.5795885416666666 0.33997222222222223 0.039796874999999926 0.05464814814814813
1 0.5422239583333333 0.37760185185185186 0.04160416666666673 0.05381481481481482
0 0.5830364583333334 0.38878703703703704 0.046640625000000095 0.07712962962962959
0 0.6539010416666666 0.321675925925926 0.031369791666666674 0.054379629629629646
0 0.43859375 0.42991666666666667 0.04061979166666667 0.06450925925925922
1 0.323 0.5 0.07043229166666667 0.10801851851851854
0 0.15780729166666668 0.5821759259259259 0.05560416666666666 0.13758333333333325
0 0.24059895833333336 0.5991203703703704 0.08477604166666669 0.1285740740740742
0 0.387625 0.5021481481481482 0.05562499999999997 0.11977777777777773
0 0.6992239583333333 0.3285462962962963 0.04211979166666661 0.08803703703703708