0 0.451904296875 0.4236111111111111 0.04376220703125 0.08262803819444445
0 0.2440197708853292 0.6073090351703717 0.0810522551043416 0.1449566120074101
0 0.5279907376739028 0.38398686252380465 0.03402709960937506 0.06510416666666667
0 0.5881454145393697 0.4097278950612815 0.04443359375 0.107421875
0 0.5786311373056102 0.35240786419931897 0.04163117109559546 0.06082701312085988
0 0.63623046875 0.3650173611111111 0.0386962890625 0.07611762152777778
0 0.8255586013607286 0.38519965277777785 0.05219090274729297 0.107421875
1 0.7863840635314131 0.4445753923544317 0.07884320106217402 0.10117335415330783
0 0.7642392696814487 0.323794977190463 0.03705118275841338 0.06727775860358391
0 0.8121692115961373 0.3281167726142893 0.03034428256727466 0.05022226050635631
0 0.900390625 0.4665798611111111 0.08123779296875 0.1312934027777778
0 0.33154296875 0.4947916666666667 0.053985595703125 0.1083984375
0 0.8798828125 0.3782552083333333 0.05865478515625 0.08604600694444445
0 0.7275390625 0.4351128472222222 0.058349609375 0.1400824652777778
0 0.158203125 0.5759548611111112 0.0633544921875 0.1284722222222222
0 0.9384765625 0.3908420138888889 0.047698974609375 0.11469184027777778
0 0.50048828125 0.4461805555555556 0.047882080078125 0.0959743923611111
0 0.701171875 0.3259548611111111 0.03839111328125 0.06342230902777778
0 0.384765625 0.5160590277777778 0.05291748046875 0.11534288194444445
0 0.60009765625 0.5303819444444444 0.0867919921875 0.142578125
0 0.65869140625 0.3324652777777778 0.026153564453125 0.053304036458333336
0 0.7705078125 0.5403645833333334 0.10089111328125 0.16981336805555555
0 0.34375 0.6228298611111112 0.09417724609375 0.2901475694444444
0 0.50634765625 0.4166666666666667 0.0240936279296875 0.04847547743055555