0 0.9382864583333334 0.3686203703703704 0.053828124999999956 0.0948148148148148
0 0.7455989583333333 0.3627314814814815 0.05709374999999994 0.07523148148148148
0 0.8789739583333334 0.44165740740740744 0.06979166666666667 0.08717592592592596
0 0.7832343749999999 0.5390462962962963 0.10842708333333324 0.1661481481481482
0 0.6560364583333332 0.3639074074074074 0.049156250000000054 0.06852777777777777
0 0.5845572916666666 0.3984722222222222 0.05951041666666678 0.08502777777777781
0 0.7860260416666667 0.43212962962962964 0.07761458333333332 0.08572222222222226
0 0.8377187500000001 0.3236944444444444 0.05 0.05812962962962961
0 0.8765364583333334 0.37304629629629626 0.05333333333333338 0.08021296296296296
0 0.7643958333333334 0.3116759259259259 0.04138541666666669 0.042907407407407436
0 0.7194791666666667 0.4308518518518518 0.06032812499999996 0.1029444444444444
0 0.15477604166666667 0.571787037037037 0.08505729166666669 0.11667592592592592
1 0.5001041666666667 0.4484814814814815 0.048812500000000016 0.09154629629629635
0 0.33160416666666664 0.4906203703703704 0.05897916666666667 0.09608333333333331
1 0.5244166666666666 0.37851851851851853 0.05526562499999995 0.05277777777777778
0 0.3860572916666667 0.49746296296296294 0.0645572916666667 0.11299999999999996
0 0.24108333333333334 0.5981666666666666 0.08739062499999999 0.13444444444444448
0 0.8917916666666666 0.5617962962962963 0.11043749999999998 0.17437037037037031
0 0.42644791666666665 0.4281203703703704 0.052510416666666636 0.08186111111111108
0 0.6064010416666666 0.5196296296296297 0.10454166666666656 0.12608333333333335
1 0.8238385416666667 0.3673796296296296 0.04438020833333335 0.0602777777777778
0 0.8931354166666666 0.34898148148148145 0.0321875000000001 0.04602777777777781
0 0.5842447916666667 0.3448611111111111 0.04126041666666656 0.04201851851851852
0 0.700390625 0.3207407407407407 0.03780729166666674 0.06894444444444447
0 0.6490677083333334 0.3133888888888889 0.046500000000000104 0.041592592592592556