1 0.5770364583333334 0.3430833333333333 0.04011979166666677 0.029157407407407417
1 0.5385729166666666 0.39019444444444445 0.04016145833333334 0.08398148148148152
1 0.5009635416666667 0.4531296296296296 0.043239583333333324 0.11306481481481477
0 0.8682916666666666 0.3864722222222222 0.050661458333333326 0.1050740740740741
1 0.8171354166666667 0.3750833333333333 0.044697916666666754 0.10118518518518516
1 0.4418489583333333 0.4413518518518519 0.046875 0.07911111111111106
0 0.59765625 0.5342870370370371 0.08990624999999994 0.1397592592592593
0 0.7871302083333334 0.43091666666666667 0.06529166666666673 0.07263888888888893
0 0.587890625 0.4108055555555556 0.04690624999999997 0.11327777777777781
0 0.17541666666666667 0.5868055555555556 0.06371875000000002 0.13465740740740748
0 0.9301770833333334 0.3886759259259259 0.060427083333333326 0.11577777777777774
0 0.7036145833333334 0.3281296296296296 0.03671354166666655 0.058916666666666666
0 0.7192395833333334 0.4370648148148148 0.06994791666666676 0.14290740740740737
0 0.6357447916666668 0.3650185185185185 0.04153645833333333 0.07612037037037041
0 0.9055052083333333 0.4674444444444445 0.07669270833333333 0.1368240740740741
1 0.330078125 0.5013055555555556 0.062437500000000055 0.10644444444444448
0 0.3872083333333334 0.5099814814814815 0.05166666666666669 0.11306481481481477
0 0.8256822916666666 0.33832407407407405 0.03726041666666665 0.08002777777777784
0 0.955078125 0.35090740740740745 0.013223958333333266 0.06488888888888893
0 0.2497552083333333 0.6210925925925925 0.06548958333333334 0.16687962962962966
0 0.65625 0.3253055555555555 0.032411458333333344 0.06179629629629631
0 0.7563489583333334 0.3443981481481481 0.04611458333333331 0.10037037037037035
0 0.771484375 0.5499166666666666 0.09979166666666663 0.16981481481481484