0 0.6041666666666666 0.5283564814814815 0.07942708333333333 0.13078703703703703
1 0.91162109375 0.4678819444444444 0.08209228515625 0.12337239583333333
0 0.7265625 0.4333767361111111 0.06243896484375 0.14029947916666666
1 0.81396484375 0.38671875 0.05706787109375 0.10069444444444445
0 0.87158203125 0.392578125 0.054901123046875 0.107421875
0 0.8935546875 0.36263020833333326 0.042236328125 0.07926432291666667
0 0.75146484375 0.5390625 0.0885009765625 0.171875
0 0.5030598832376573 0.4402804765275769 0.03291347536256642 0.08776926763351045
1 0.53759765625 0.3919270833333333 0.0386962890625 0.0773654513888889
0 0.3815704374140665 0.515142498920865 0.046788763995805144 0.12161493293009282
1 0.5908203125 0.4123263888888889 0.04742431640625 0.10980902777777778
0 0.57666015625 0.36219618055555564 0.040252685546875 0.07329644097222222
1 0.70361328125 0.3057725694444444 0.040618896484375 0.10606553819444445
0 0.79638671875 0.4613715277777778 0.0794677734375 0.12630208333333334
0 0.64990234375 0.3292100694444444 0.0394287109375 0.06586371527777778
0 0.93603515625 0.3875868055555556 0.05194091796875 0.1086154513888889
0 0.8388671875 0.3444010416666667 0.034942626953125 0.08685980902777778
0 0.44287109375 0.4270833333333333 0.042022705078125 0.08094618055555555
0 0.33056640625 0.4973958333333333 0.05389404296875 0.1042751736111111
1 0.7646484375 0.3246527777777778 0.047149658203125 0.0673828125
0 0.237060546875 0.6605902777777778 0.08740234375 0.2515190972222222
0 0.65380859375 0.3917100694444444 0.04217529296875 0.13704427083333334
0 0.1588134765625 0.5768229166666666 0.0635986328125 0.12662760416666666