0 0.8733489583333333 0.3730925925925926 0.052104166666666646 0.07088888888888895
0 0.8940104166666667 0.3509907407407407 0.03671875 0.0540277777777778
0 0.4516614583333334 0.42903703703703705 0.04434375000000005 0.08170370370370371
1 0.9106458333333334 0.4704907407407407 0.0806250000000001 0.12435185185185181
0 0.7993958333333333 0.44230555555555556 0.06832291666666658 0.09738888888888884
0 0.9382031249999999 0.3732685185185185 0.04791145833333322 0.0927222222222222
1 0.4985104166666667 0.4439444444444445 0.046255208333333304 0.08846296296296298
1 0.802734375 0.38380555555555557 0.04534895833333342 0.0643240740740741
0 0.3221041666666667 0.49003703703703705 0.05377604166666667 0.08700925925925929
0 0.650390625 0.31604629629629627 0.03402604166666663 0.03969444444444445
0 0.7553645833333333 0.3654074074074074 0.039656249999999935 0.08258333333333338
0 0.8295885416666666 0.3393703703703704 0.04336458333333345 0.0709907407407407
0 0.755859375 0.5407962962962962 0.09057812499999993 0.18055555555555555
0 0.15071874999999998 0.5745370370370371 0.08109895833333335 0.11217592592592601
0 0.7172864583333334 0.43598148148148147 0.05291666666666662 0.13194444444444445
0 0.5862916666666667 0.3947962962962963 0.056937500000000085 0.10100000000000003
0 0.6049791666666666 0.5303796296296296 0.0892968749999999 0.14648148148148152
0 0.766453125 0.31925000000000003 0.026828125000000112 0.05765740740740739
0 0.378796875 0.4984166666666666 0.06574479166666668 0.10413888888888892
1 0.5249010416666666 0.3854166666666667 0.03533854166666662 0.06787037037037033
0 0.5766614583333334 0.3431018518518519 0.03927604166666659 0.035157407407407436
0 0.6596666666666666 0.3645555555555556 0.035890624999999926 0.06628703703703706
0 0.23303125 0.6095 0.10004166666666668 0.1571388888888889