0 0.9392395833333332 0.3683240740740741 0.045598958333333425 0.07535185185185185
0 0.8927135416666666 0.34224074074074073 0.04040624999999996 0.03467592592592597
0 0.7557916666666666 0.35876851851851854 0.04633854166666656 0.06596296296296297
1 0.9091822916666668 0.4704907407407407 0.07891666666666666 0.12207407407407406
1 0.749421875 0.5398518518518518 0.09844791666666666 0.1740462962962963
0 0.6435572916666668 0.3650185185185185 0.042234375000000074 0.06955555555555556
0 0.5855729166666667 0.40132407407407406 0.05951041666666678 0.09344444444444441
0 0.792859375 0.41508333333333336 0.0659479166666666 0.07691666666666672
0 0.8334947916666666 0.3303425925925926 0.050718750000000055 0.04952777777777779
0 0.8608750000000001 0.3698240740740741 0.0327395833333334 0.05846296296296295
0 0.7656770833333333 0.31373148148148144 0.029593750000000085 0.041657407407407414
0 0.7139895833333333 0.4163148148148148 0.0488124999999999 0.10171296296296298
0 0.66021875 0.32262962962962966 0.02672916666666675 0.03868518518518516
1 0.5747083333333334 0.3458425925925926 0.04519791666666677 0.04000000000000004
0 0.13549479166666664 0.5683796296296296 0.08253645833333335 0.11202777777777778
0 0.2350729166666667 0.6039444444444444 0.08868229166666669 0.16948148148148146
0 0.499734375 0.4438055555555556 0.04287499999999997 0.0988518518518519
1 0.334125 0.48886111111111114 0.050234375000000026 0.10899074074074078
0 0.5282708333333334 0.3762037037037037 0.030333333333333278 0.05229629629629631
1 0.7978541666666668 0.3671481481481481 0.03469791666666661 0.03736111111111113
0 0.44266666666666665 0.42841666666666667 0.04287499999999997 0.08274074074074075
0 0.38581770833333334 0.5099814814814815 0.05447916666666662 0.1245648148148148
0 0.5961927083333334 0.5390648148148148 0.09997395833333324 0.13194444444444445