0 0.6520520833333333 0.36941666666666667 0.047489583333333245 0.08269444444444439
0 0.24034895833333333 0.6164351851851851 0.08607291666666667 0.16929629629629622
0 0.5766614583333334 0.34914814814814815 0.04098437500000003 0.05561111111111117
1 0.6536614583333333 0.31849074074074074 0.03511458333333337 0.03731481481481477
1 0.9174791666666666 0.4704907407407407 0.09076041666666677 0.13150925925925924
1 0.5884270833333333 0.4026018518518519 0.051020833333333356 0.09720370370370372
1 0.8017604166666668 0.4479166666666667 0.06573437500000003 0.1358518518518519
0 0.5029322916666666 0.4479166666666667 0.04400520833333334 0.0985277777777778
0 0.330078125 0.4978333333333333 0.054807291666666674 0.10547222222222224
0 0.59765625 0.5308148148148147 0.0889895833333334 0.1400833333333333
0 0.16003645833333333 0.5746574074074075 0.06439062499999999 0.12955555555555562
1 0.5390625 0.39496296296296296 0.0390625 0.07926851851851853
0 0.9365260416666668 0.3923611111111111 0.05380208333333343 0.13031481481481483
1 0.818359375 0.38325000000000004 0.04830729166666667 0.10720370370370368
0 0.3813489583333334 0.5173611111111112 0.05081249999999997 0.11860185185185183
0 0.8784166666666666 0.38910185185185187 0.05624479166666655 0.1254351851851852
0 0.7612291666666666 0.5342870370370371 0.08959895833333344 0.17968518518518514
0 0.452390625 0.4270833333333333 0.04400520833333334 0.08246296296296292
0 0.7260000000000001 0.4196111111111111 0.059385416666666656 0.11265740740740737
0 0.703125 0.32508333333333334 0.04138020833333324 0.06342592592592593
0 0.763671875 0.3253055555555555 0.05032291666666661 0.06635185185185183