0 0.587890625 0.3535185185185185 0.03823958333333337 0.0628240740740741
0 0.442578125 0.4386481481481482 0.04551041666666673 0.08850925925925923
1 0.5317760416666667 0.3978796296296296 0.04185937499999994 0.08064814814814816
1 0.9043385416666666 0.471787037037037 0.0704687500000001 0.12228703703703697
1 0.816671875 0.35810185185185184 0.06544791666666659 0.061037037037037
1 0.49903125 0.4504259259259259 0.04496354166666663 0.09387962962962962
0 0.749953125 0.536037037037037 0.0867916666666666 0.17372222222222228
0 0.24491915527592506 0.6130028853037852 0.08242731444814982 0.15070195116312604
0 0.33056640625 0.4952256944444444 0.053192138671875 0.10660807291666667
0 0.6005859375 0.5290798611111112 0.086181640625 0.1488715277777778
1 0.65771484375 0.328125 0.0276947021484375 0.059624565972222224
0 0.6376953125 0.3639322916666667 0.03839111328125 0.0749782986111111
0 0.59033203125 0.4090711805555556 0.04742431640625 0.09526909722222222
0 0.7939453125 0.4544270833333333 0.0703125 0.14388020833333334
0 0.160888671875 0.578125 0.063232421875 0.1277126736111111
0 0.7275390625 0.4357638888888889 0.058563232421875 0.13313802083333334
0 0.87890625 0.3901909722222222 0.059326171875 0.10221354166666667
0 0.93115234375 0.3851996527777778 0.058349609375 0.11686197916666667
0 0.3876953125 0.5121527777777778 0.051849365234375 0.11371527777777778
0 0.763671875 0.3255208333333333 0.035064697265625 0.06331380208333333
0 0.70166015625 0.3289930555555556 0.04052734375 0.05740017361111111