0 0.94040625 0.3694074074074074 0.049593749999999895 0.08305555555555559
0 0.7487760416666667 0.37794444444444447 0.051723958333333306 0.10565740740740742
0 0.9022083333333334 0.44616666666666666 0.08725520833333343 0.07709259259259259
1 0.7590885416666667 0.537712962962963 0.10842708333333324 0.1761574074074074
0 0.640875 0.3610185185185185 0.04224479166666673 0.06852777777777777
0 0.5845572916666666 0.3984722222222222 0.05951041666666678 0.08502777777777781
0 0.7923385416666666 0.4341574074074074 0.07761458333333332 0.08167592592592596
0 0.8335885416666666 0.3262037037037037 0.05 0.05163888888888887
0 0.8765364583333334 0.37304629629629626 0.05333333333333338 0.08021296296296296
0 0.7643958333333334 0.3116759259259259 0.04138541666666669 0.042907407407407436
0 0.7091770833333333 0.4224907407407408 0.06032812499999996 0.09438888888888883
0 0.15838541666666667 0.572324074074074 0.08505729166666666 0.11667592592592592
1 0.5001041666666667 0.4452962962962963 0.048812500000000016 0.0915462962962963
0 0.33555729166666665 0.4931388888888889 0.05106770833333331 0.09326851851851854
1 0.53040625 0.38963888888888887 0.043286458333333284 0.0750185185185185
0 0.3860572916666667 0.49746296296296294 0.0645572916666667 0.11299999999999996
0 0.24108333333333334 0.5937314814814815 0.08739062499999999 0.14887962962962958
0 0.8917916666666666 0.5574166666666667 0.11043749999999998 0.17437037037037031
0 0.438953125 0.4281388888888889 0.052510416666666636 0.08186111111111108
0 0.8920260416666667 0.34403703703703703 0.029744791666666732 0.03956481481481483
0 0.6121927083333334 0.53425 0.0798489583333333 0.13233333333333336
0 0.651046875 0.3163888888888889 0.04918750000000003 0.04215740740740738
1 0.818296875 0.3686481481481481 0.045369791666666735 0.05295370370370375