0 0.1514892578125 0.5768229166666666 0.080078125 0.1303168402777778
0 0.2406005859375 0.6274892312387065 0.08758544921875 0.18358089303296848
0 0.39013671875 0.5073784722222222 0.046539306640625 0.10758463541666667
1 0.5851899305525845 0.35075449661436364 0.04174782444170593 0.04666958350650511
0 0.9358416430110607 0.3824032527379628 0.04939825694662877 0.10535555061481443
0 0.876645801750931 0.38412433696713427 0.05208921092373705 0.08736759754537965
0 0.8311403882656786 0.3422932228194477 0.028087875812392818 0.08009425813889537
0 0.498046875 0.4500868055555556 0.047088623046875 0.10145399305555555
1 0.443603515625 0.4305555555555556 0.044525146484375 0.06993272569444445
0 0.71728515625 0.4390190972222222 0.0618896484375 0.1459418402777778
1 0.54345703125 0.3962673611111111 0.03704833984375 0.08094618055555555
0 0.8134765625 0.3841145833333333 0.046539306640625 0.10091145833333333
0 0.9541015625 0.3537326388888889 0.0135345458984375 0.05837673611111111
1 0.338623046875 0.4973958333333333 0.050048828125 0.10546875
0 0.90185546875 0.4657118055555556 0.0782470703125 0.1333550347222222
0 0.638671875 0.3643663194444444 0.042083740234375 0.07356770833333333
0 0.7578125 0.5256076388888888 0.09967041015625 0.18001302083333334
0 0.79931640625 0.4518229166666667 0.0631103515625 0.12608506944444445
0 0.76171875 0.3255208333333333 0.0457763671875 0.0666232638888889
1 0.583984375 0.4095052083333333 0.043609619140625 0.0798611111111111
0 0.70361328125 0.3274739583333333 0.036895751953125 0.058159722222222224
1 0.65478515625 0.3248697916666667 0.0292510986328125 0.061197916666666664
0 0.59521484375 0.5381944444444444 0.0885009765625 0.14290364583333334