0 0.7509791666666668 0.5386296296296297 0.08880729166666677 0.1713333333333333
0 0.9316041666666667 0.3666111111111111 0.058484374999999984 0.07523148148148148
0 0.5991197916666666 0.53125 0.0889895833333334 0.14312037037037031
0 0.15856770833333333 0.5755185185185184 0.06176562500000002 0.1286851851851852
0 0.8784166666666666 0.3836851851851852 0.05706770833333342 0.11642592592592593
0 0.442140625 0.42968518518518517 0.04434375000000005 0.07047222222222224
0 0.6391614583333334 0.36437037037037034 0.04068229166666673 0.07411111111111107
0 0.7280260416666666 0.4231018518518519 0.056640625 0.11020370370370373
1 0.5009791666666666 0.4505185185185185 0.04208333333333331 0.09304629629629625
0 0.7954114583333334 0.4505185185185186 0.07543750000000007 0.13725925925925933
0 0.3879375 0.5104166666666666 0.05145312499999998 0.11208333333333328
0 0.3305677083333334 0.5013055555555556 0.05749479166666672 0.11165740740740739
0 0.5913072916666666 0.41124074074074074 0.04647916666666655 0.09852777777777774
0 0.7021510416666668 0.3302962962962963 0.04031250000000005 0.057398148148148156
0 0.8969739583333334 0.46614814814814814 0.09008854166666656 0.12435185185185192
0 0.5883802083333334 0.34371296296296294 0.037109375 0.04262037037037034
0 0.6572291666666668 0.3287777777777778 0.027588541666666563 0.05924074074074076
1 0.5283229166666668 0.39105555555555555 0.03515625000000006 0.06711111111111112
0 0.7622083333333334 0.3224814814814815 0.03302083333333338 0.06624074074074071
1 0.8119739583333333 0.34528703703703706 0.05646875000000004 0.07632407407407403
0 0.23731249999999998 0.6235740740740741 0.06345833333333332 0.1760833333333334