1 0.562438053373791 0.30984981656715854 0.04217194574012548 0.08009778128246516
1 0.5885495471362148 0.40273338364101335 0.04266132239423683 0.09844824876350829
1 0.6512153723647472 0.3120115658287502 0.03561613027050565 0.05458794647231529
0 0.17190419534832124 0.5846354166666666 0.0631103515625 0.13758680555555555
0 0.24416450780851987 0.6093408503875251 0.07581893360171026 0.14272683966393881
0 0.38780070315524906 0.5082167871666569 0.05072021484375 0.1062282986111111
1 0.4993461878954771 0.4421831935926658 0.041773932802795836 0.08759989412977602
1 0.4490660338242558 0.43285363627870166 0.04120907404161732 0.07846301490210429
1 0.55126953125 0.3841145833333333 0.036773681640625 0.09619140625
0 0.6370836135572352 0.3651777422262222 0.04143748157269087 0.07335180816006631
0 0.701171875 0.3253038194444444 0.040374755859375 0.06488715277777778
0 0.338134765625 0.4995659722222222 0.04742431640625 0.1052517361111111
0 0.76171875 0.3311631944444444 0.048675537109375 0.07286241319444445
1 0.7465075048041838 0.5417630088401819 0.09675570849904673 0.16084593936694694
0 0.9072265625 0.4661458333333333 0.08123779296875 0.13096788194444445
0 0.7918810976126445 0.4506204830784015 0.0659330321012772 0.11712730050518261
0 0.8751622913211871 0.3869295218842142 0.05173469630565677 0.10301485974065067
0 0.7204297437914577 0.4328027940441293 0.058870962192290224 0.11831826169936976
0 0.9379107754560334 0.3930298671765304 0.051729718619183275 0.12004410935306072
0 0.9572609434614799 0.3469460505875176 0.007932457245354858 0.06302844260329689
0 0.82275390625 0.3422309027777778 0.04193115234375 0.08799913194444445
0 0.8173828125 0.3949652777777778 0.042877197265625 0.0798611111111111
1 0.58935546875 0.5407986111111112 0.0836181640625 0.13834635416666666