0 0.9394947916666666 0.37115740740740744 0.050151041666666646 0.09729629629629634
0 0.746234375 0.3761111111111111 0.05117708333333345 0.0896481481481482
0 0.9125208333333333 0.4454814814814815 0.07891666666666666 0.0859907407407408
0 0.7782083333333334 0.5334537037037037 0.09844791666666666 0.1740462962962963
0 0.6527604166666666 0.36186111111111113 0.04224479166666673 0.06852777777777777
0 0.5845572916666666 0.3984722222222222 0.05951041666666678 0.08502777777777781
0 0.7910052083333333 0.41959259259259263 0.08379166666666672 0.0901203703703704
0 0.8263437499999999 0.32629629629629625 0.05213541666666662 0.05267592592592591
0 0.8765364583333334 0.372 0.05333333333333338 0.06923148148148146
0 0.7643958333333334 0.3116759259259259 0.04138541666666669 0.042907407407407436
0 0.707640625 0.438462962962963 0.06032812499999996 0.09438888888888883
0 0.15980208333333332 0.5734814814814815 0.08505729166666669 0.1275462962962963
1 0.5048489583333333 0.4438888888888889 0.048812500000000016 0.09154629629629635
0 0.32652604166666666 0.48127777777777775 0.061348958333333314 0.10018518518518522
1 0.5244166666666666 0.37851851851851853 0.05526562499999995 0.05277777777777778
0 0.82359375 0.37083333333333335 0.05072395833333327 0.06294444444444446
0 0.3860572916666667 0.49746296296296294 0.0645572916666667 0.11299999999999996
1 0.6172187499999999 0.5144537037037037 0.10571354166666656 0.12692592592592591
0 0.24108333333333334 0.5962037037037037 0.08739062499999999 0.14887962962962958
1 0.8919843749999999 0.5649722222222222 0.11043749999999998 0.1870462962962963
0 0.5837552083333333 0.3385462962962963 0.04230729166666668 0.04895370370370371
0 0.650125 0.31219444444444444 0.04016666666666661 0.04569444444444447
0 0.42882291666666666 0.415462962962963 0.052510416666666636 0.08186111111111108
0 0.7015625 0.31037037037037035 0.0392916666666667 0.06859259259259264
0 0.8861666666666667 0.3214722222222222 0.04966145833333328 0.05414814814814817