0 0.8159166666666666 0.3836851851851852 0.05291666666666662 0.10128703703703702
1 0.3830572916666667 0.5099814814814815 0.04620312500000002 0.10427777777777773
1 0.9111354166666668 0.4691851851851852 0.08135937500000003 0.1263055555555556
0 0.7524427083333334 0.5403611111111112 0.087890625 0.1710092592592593
0 0.15966666666666668 0.5768240740740741 0.06524479166666666 0.13031481481481483
0 0.9365260416666668 0.391712962962963 0.05166666666666657 0.11327777777777781
0 0.7265625 0.4327222222222221 0.061765625000000074 0.13932407407407404
0 0.8930677083333334 0.36306481481481484 0.04092187500000009 0.07823148148148149
0 0.8715833333333334 0.3899722222222222 0.05410937499999993 0.10585185185185189
0 0.5014635416666666 0.4483518518518519 0.04577604166666672 0.09944444444444447
0 0.32519791666666664 0.4991296296296296 0.06304687499999997 0.11018518518518519
0 0.23750520833333333 0.6070277777777778 0.08913020833333336 0.14873148148148138
0 0.837890625 0.3454907407407407 0.029875000000000065 0.08062037037037031
1 0.4448229166666666 0.42556481481481484 0.04296875 0.081212962962963
0 0.7959010416666668 0.4613703703703703 0.07891666666666666 0.12662962962962962
0 0.6567395833333334 0.3756481481481481 0.04009895833333322 0.08274074074074075
1 0.5903333333333334 0.41862037037037036 0.048765625000000055 0.11989814814814816
0 0.7641614583333334 0.324 0.0496822916666666 0.07031481481481476
1 0.5307604166666666 0.38737037037037036 0.03173958333333336 0.06016666666666668
0 0.5766614583333334 0.358287037037037 0.04153645833333333 0.06917592592592596
0 0.6147447916666666 0.5347222222222222 0.06451562499999994 0.1375833333333333
0 0.6606458333333334 0.3259537037037037 0.023468749999999972 0.05962037037037036