0 0.3328697916666667 0.49598148148148147 0.04690624999999997 0.10471296296296294
0 0.24116666666666667 0.6100555555555556 0.08539062499999997 0.21332407407407417
0 0.866671875 0.3914166666666667 0.036687500000000026 0.0999814814814815
0 0.7528385416666666 0.35124074074074074 0.04986458333333322 0.054361111111111145
0 0.8310416666666666 0.3287685185185185 0.03426562499999998 0.052074074074074085
0 0.38671875 0.50825 0.04977604166666663 0.12098148148148151
0 0.8048749999999999 0.43339814814814814 0.05461979166666661 0.05775925925925925
0 0.4398854166666667 0.42567592592592596 0.04303125000000006 0.07074999999999997
1 0.4986666666666667 0.4492407407407408 0.03994791666666669 0.09016666666666666
0 0.6435572916666668 0.3617592592592592 0.041078124999999945 0.07232407407407408
0 0.9360364583333334 0.3715277777777778 0.051088541666666744 0.08783333333333335
1 0.5317395833333334 0.3892407407407407 0.035947916666666656 0.06152777777777782
0 0.759765625 0.5303796296296296 0.09552083333333337 0.17653703703703705
0 0.8931718750000001 0.34547222222222224 0.031125000000000114 0.03986111111111107
0 0.716796875 0.434462962962963 0.05212499999999996 0.1291203703703704
0 0.599609375 0.5316851851851853 0.0892968749999999 0.1436666666666667
1 0.8017604166666668 0.3781481481481481 0.04867708333333335 0.06113888888888886
0 0.7685572916666668 0.31103703703703706 0.04001041666666675 0.041555555555555554
0 0.15734895833333334 0.5755185185185184 0.06408854166666665 0.122074074074074
1 0.9116197916666666 0.471787037037037 0.080078125 0.12662962962962962
0 0.5791041666666668 0.3445925925925926 0.04232812499999999 0.03955555555555558
0 0.6563541666666667 0.3148796296296296 0.030812499999999923 0.037083333333333295
0 0.5903333333333334 0.39244444444444443 0.05041666666666676 0.0786666666666667