0 0.15905729166666666 0.5759537037037037 0.06268229166666668 0.1291203703703704
0 0.93865625 0.3690555555555555 0.047494791666666696 0.07025925925925926
0 0.5913072916666666 0.5403611111111112 0.08270312499999997 0.125
0 0.751953125 0.5327407407407407 0.07257291666666674 0.1541944444444444
0 0.23012500000000002 0.6016296296296296 0.10743750000000002 0.13923148148148137
0 0.3295885416666666 0.4973981481481482 0.05358854166666672 0.10562962962962961
0 0.7260729166666666 0.43250925925925926 0.059755208333333344 0.13682407407407407
0 0.8621718749999999 0.3667314814814815 0.03803124999999999 0.06393518518518514
0 0.4477552083333334 0.4264351851851852 0.04620312500000002 0.08246296296296302
1 0.5385729166666666 0.3930092592592592 0.039182291666666674 0.07612037037037041
0 0.3813489583333334 0.5006574074074075 0.04995833333333337 0.08713888888888885
0 0.796875 0.45746296296296296 0.07653645833333324 0.1416018518518518
0 0.7006822916666666 0.32790740740740737 0.04202083333333325 0.06152777777777782
1 0.81640625 0.36821296296296296 0.05127083333333336 0.07036111111111112
1 0.8142760416666667 0.3253055555555555 0.04041666666666662 0.034898148148148095
0 0.9145520833333334 0.4704907407407407 0.09271354166666677 0.12792592592592594
0 0.7622083333333334 0.3287777777777778 0.04840104166666658 0.06662037037037041
0 0.5776354166666666 0.3413981481481481 0.042177083333333344 0.0404444444444444
0 0.5866041666666667 0.40023148148148147 0.05628645833333342 0.10101851851851854
0 0.6536302083333333 0.31745370370370374 0.03746354166666658 0.047027777777777745
0 0.5078125 0.4431759259259259 0.04061979166666667 0.09350925925925926
0 0.8930677083333334 0.3606759259259259 0.03643750000000002 0.0749814814814815
0 0.65234375 0.3517962962962963 0.027098958333333437 0.04407407407407409
1 0.7763697916666668 0.3858518518518519 0.029875000000000065 0.024518518518518537