1 0.49672916666666667 0.4479166666666667 0.04621354166666668 0.09923148148148149
0 0.6005885416666668 0.5299444444444444 0.08496354166666673 0.1453981481481481
0 0.931640625 0.3919259259259259 0.05822916666666676 0.12249999999999996
0 0.8208020833333334 0.3235277777777778 0.03948958333333342 0.0437685185185185
0 0.4389635416666666 0.4309907407407408 0.04443229166666664 0.07481481481481478
0 0.5810572916666668 0.34644444444444444 0.04193229166666678 0.05405555555555555
0 0.7905260416666666 0.44878703703703704 0.07720833333333323 0.139537037037037
1 0.716796875 0.4398888888888889 0.07330208333333323 0.14496296296296302
0 0.7036145833333334 0.3268240740740741 0.03677604166666673 0.0588148148148148
0 0.15869270833333332 0.5798611111111112 0.06231770833333332 0.13053703703703706
0 0.763671875 0.5386296296296297 0.10320833333333326 0.18055555555555555
0 0.24402083333333333 0.6063888888888889 0.08038541666666665 0.14180555555555563
1 0.8764635416666666 0.38325000000000004 0.05441145833333323 0.09249999999999999
0 0.331296875 0.4965277777777778 0.05224479166666664 0.10801851851851854
1 0.8168958333333334 0.3858518518518519 0.04638541666666664 0.09923148148148145
0 0.638671875 0.3680555555555556 0.041135416666666674 0.07612037037037041
1 0.5444322916666666 0.39255555555555555 0.03955208333333336 0.08706481481481479
0 0.7573229166666666 0.3287777777777778 0.04559374999999998 0.0658611111111111
0 0.9560572916666668 0.3524351851851852 0.011031249999999914 0.06168518518518519
0 0.5854479166666666 0.4027685185185185 0.0457760416666666 0.09462962962962967
0 0.9013697916666668 0.4648425925925926 0.08282291666666666 0.13509259259259263
0 0.658203125 0.3294259259259259 0.02780208333333339 0.05924074074074076
0 0.38210416666666663 0.5052592592592592 0.04539583333333338 0.103287037037037