0 0.9013697916666668 0.4635462962962963 0.0792239583333334 0.13433333333333333
1 0.8129895833333334 0.3825925925925926 0.04428124999999999 0.09923148148148145
0 0.24504166666666669 0.6145555555555556 0.07411979166666664 0.16445370370370382
0 0.9388229166666666 0.37915740740740744 0.04712500000000001 0.09968518518518515
0 0.75 0.537324074074074 0.08691666666666673 0.16742592592592587
0 0.5991197916666666 0.5325555555555556 0.09350520833333344 0.1441018518518518
0 0.7602552083333334 0.32855555555555555 0.04867708333333335 0.06955555555555556
0 0.8286145833333334 0.3441851851851852 0.03302083333333338 0.08913888888888888
0 0.791015625 0.4522592592592593 0.07763541666666664 0.13313888888888892
0 0.7021510416666668 0.32855555555555555 0.039854166666666656 0.05924074074074076
0 0.7192395833333334 0.4357685185185185 0.06189062499999996 0.14333333333333328
0 0.3364270833333334 0.5004351851851853 0.058229166666666644 0.10275925925925927
0 0.63671875 0.36437037037037034 0.04443229166666664 0.07551851851851847
1 0.4428697916666666 0.4316388888888889 0.04183854166666663 0.07112962962962968
1 0.5815416666666666 0.3732685185185185 0.04147395833333339 0.08995370370370369
1 0.4997552083333333 0.4509537037037037 0.046812500000000055 0.10373148148148145
0 0.1599114583333333 0.5755185185185184 0.065125 0.1336851851851853
0 0.3908697916666667 0.5108518518518519 0.04949999999999998 0.11208333333333328
0 0.8833020833333334 0.38325000000000004 0.058901041666666744 0.08815740740740743
0 0.5439479166666668 0.391712962962963 0.0394270833333333 0.0809444444444444
0 0.6518541666666666 0.3274722222222222 0.02854687499999997 0.059731481481481476