0 0.5910104166666666 0.4048796296296296 0.04588020833333341 0.0798425925925926
0 0.59765625 0.5325555555555556 0.08910937500000007 0.13725925925925928
1 0.5014635416666666 0.45051851851851854 0.04153645833333333 0.09249999999999999
0 0.4497083333333334 0.4299074074074074 0.04263541666666661 0.06965740740740742
1 0.5283229166666666 0.39323148148148146 0.03494270833333329 0.07074999999999997
0 0.87890625 0.3886759259259259 0.057802083333333344 0.09689814814814812
0 0.7475572916666666 0.5364629629629629 0.08947916666666676 0.17220370370370372
0 0.330078125 0.4978333333333333 0.050046874999999956 0.10411111111111117
0 0.9038072916666666 0.4635462962962963 0.08270312499999997 0.1256481481481482
0 0.7275416666666668 0.43598148148148147 0.05654687500000009 0.1393240740740741
0 0.15503125 0.5763888888888888 0.059203124999999995 0.12521296296296297
0 0.5874010416666666 0.3532962962962963 0.03839062500000002 0.06390740740740739
0 0.7939479166666668 0.44575000000000004 0.07739062500000007 0.14312037037037043
0 0.25 0.6072037037037037 0.05954166666666663 0.14887037037037035
0 0.3862291666666666 0.5121574074074075 0.05380208333333331 0.11208333333333328
0 0.654296875 0.36262962962962964 0.03927604166666659 0.08262962962962964
0 0.9331041666666666 0.39105555555555555 0.05572395833333322 0.12706481481481482
0 0.7021510416666668 0.3274722222222222 0.039182291666666674 0.06087037037037038
0 0.9560572916666668 0.35437962962962966 0.011328125 0.06917592592592596
0 0.7626979166666668 0.3222685185185185 0.034421875000000074 0.06597222222222222
1 0.8305677083333334 0.3691388888888889 0.06051562500000003 0.12380555555555559
0 0.6884791666666668 0.3548148148148148 0.04296875 0.10980555555555559
1 0.6591822916666668 0.315537037037037 0.017104166666666743 0.03285185185185187