0 0.8930677083333334 0.4661481481481481 0.09588541666666663 0.1356296296296296
1 0.4409114583333333 0.43339814814814814 0.040468750000000026 0.0658611111111111
0 0.17192708333333334 0.5876388888888888 0.06280729166666668 0.1291203703703704
0 0.33055729166666664 0.49272222222222223 0.05127083333333336 0.10661111111111116
0 0.38338020833333336 0.5099444444444444 0.04715104166666665 0.11122222222222218
0 0.5322916666666667 0.3929166666666667 0.03192187499999998 0.08762962962962961
0 0.24464583333333334 0.6109259259259259 0.087890625 0.15886111111111106
0 0.5986354166666668 0.5338518518518518 0.08990624999999994 0.14029629629629628
0 0.5786145833333334 0.36327777777777776 0.042234375000000074 0.06927777777777783
0 0.7197291666666668 0.43728703703703703 0.06982291666666664 0.14312037037037031
0 0.7734375 0.5490462962962963 0.09967187499999994 0.16742592592592587
0 0.703125 0.3281296296296296 0.037109375 0.059138888888888894
0 0.6362291666666666 0.36437037037037034 0.04083333333333338 0.07426851851851855
0 0.8295 0.3356388888888889 0.028958333333333287 0.07464814814814816
1 0.4997552083333333 0.4483518518518519 0.04031250000000005 0.09651851851851853
0 0.9340833333333334 0.3886759259259259 0.057374999999999926 0.11664814814814817
0 0.5888697916666668 0.4149351851851852 0.046994791666666674 0.11729629629629636
0 0.787171875 0.4306666666666667 0.07951562500000003 0.08842592592592592
0 0.875015625 0.3766851851851852 0.05471354166666676 0.07437962962962967
0 0.6557604166666666 0.32508333333333334 0.03283854166666676 0.0628240740740741
0 0.7612291666666666 0.324 0.04202083333333325 0.06662037037037041
0 0.8129322916666666 0.3825925925925926 0.036515625000000065 0.09574074074074072