0 0.9296614583333334 0.3845462962962963 0.05365624999999999 0.10742592592592591
0 0.44433854166666664 0.43034259259259255 0.04303125000000006 0.07101851851851856
0 0.3317864583333333 0.4956574074074074 0.05340624999999998 0.10661111111111116
0 0.7509791666666668 0.5403611111111112 0.08758333333333326 0.1701388888888889
0 0.24450520833333333 0.6627592592592593 0.08093229166666666 0.25499074074074063
0 0.7280260416666666 0.4298425925925926 0.06021354166666673 0.12368518518518518
0 0.16174479166666667 0.5776944444444444 0.06323437499999998 0.12185185185185177
0 0.6044947916666668 0.5316851851851853 0.09088020833333323 0.1423611111111111
1 0.8779322916666668 0.389537037037037 0.05911458333333333 0.10389814814814818
0 0.7939479166666668 0.4531296296296296 0.07208333333333337 0.14181481481481484
1 0.38769791666666664 0.5121574074074075 0.05176041666666661 0.1106203703703704
0 0.5888697916666668 0.3650185185185185 0.0390625 0.08154629629629624
1 0.8234739583333333 0.35529629629629633 0.05080208333333332 0.04718518518518522
1 0.5302760416666666 0.389537037037037 0.03521875000000006 0.06722222222222224
0 0.5903333333333334 0.4108055555555556 0.04654166666666673 0.10199999999999997
0 0.9028333333333334 0.4661481481481482 0.08178645833333344 0.12500000000000006
0 0.6943385416666668 0.3261759259259259 0.03302083333333338 0.06700000000000002
1 0.501953125 0.4479166666666667 0.03955208333333336 0.09082407407407406
0 0.7607447916666668 0.3268240740740741 0.03677604166666673 0.06722222222222224
0 0.8154322916666668 0.324 0.03775000000000001 0.04112037037037034
0 0.658203125 0.3281296296296296 0.026807291666666563 0.058055555555555596
0 0.6342760416666666 0.3606759259259259 0.03802604166666678 0.07232407407407408