1 0.9052734375 0.46484375 0.08447265625 0.1300998263888889
1 0.5321901927264386 0.396425569345496 0.0399663229528772 0.07627127757988077
1 0.5014248369990825 0.4474467861221749 0.04213323615808508 0.0845637111332386
0 0.5798230734429315 0.3488991662012711 0.040780180088988045 0.0563052768469866
0 0.5893483984310033 0.404949067017979 0.04595524492135539 0.10527019514940623
0 0.59912109375 0.5321180555555556 0.09039306640625 0.14366319444444445
0 0.328369140625 0.4973958333333333 0.057373046875 0.1044921875
0 0.7255859375 0.4357638888888889 0.060089111328125 0.13704427083333334
0 0.24853515625 0.6076388888888888 0.054107666015625 0.1537543402777778
0 0.74658203125 0.5368923611111112 0.092041015625 0.1716579861111111
0 0.791015625 0.44921875 0.06817626953125 0.13758680555555555
0 0.38427734375 0.5121527777777778 0.0509033203125 0.11187065972222222
0 0.1553955078125 0.5772569444444444 0.06304931640625 0.12565104166666666
0 0.873046875 0.3878038194444444 0.058135986328125 0.10053168402777778
1 0.4365234375 0.4268663194444444 0.04534912109375 0.07682291666666667
0 0.93408203125 0.3862847222222222 0.057708740234375 0.1183810763888889
1 0.82275390625 0.3454861111111111 0.0640869140625 0.0827365451388889
0 0.69091796875 0.3515625 0.04168701171875 0.09868706597222222
0 0.7626953125 0.3253038194444444 0.048492431640625 0.06586371527777778
0 0.64404296875 0.3615451388888889 0.0455322265625 0.0866970486111111
1 0.6611328125 0.3272569444444444 0.0225830078125 0.057942708333333336