0 0.38424479166666664 0.507787037037037 0.04788020833333337 0.125
0 0.7908072916666666 0.4283148148148148 0.06425520833333327 0.0878611111111111
0 0.7158229166666668 0.41114814814814815 0.06280729166666674 0.09107407407407409
0 0.753296875 0.347462962962963 0.047489583333333245 0.04274999999999996
0 0.6435572916666668 0.3639351851851852 0.04083333333333338 0.07020370370370375
0 0.5776354166666666 0.3411388888888889 0.039182291666666674 0.03405555555555553
0 0.8939322916666667 0.3474074074074074 0.04050520833333333 0.04502777777777777
0 0.7602552083333334 0.5407962962962962 0.10052604166666677 0.1731759259259259
0 0.8603541666666668 0.39519444444444446 0.03509895833333327 0.10235185185185182
0 0.941328125 0.37115740740740744 0.04193229166666678 0.08102777777777777
0 0.9104010416666667 0.4736018518518519 0.07989583333333337 0.12120370370370373
0 0.3309635416666667 0.49650000000000005 0.048765625000000055 0.10704629629629625
0 0.7675364583333334 0.31278703703703703 0.038838541666666754 0.04054629629629626
0 0.58646875 0.40425 0.058692708333333364 0.09321296296296293
0 0.234109375 0.618287037037037 0.07946874999999999 0.19465740740740742
0 0.4982916666666667 0.4461851851851852 0.043276041666666626 0.09944444444444447
0 0.65625 0.3217222222222222 0.029708333333333316 0.036870370370370414
0 0.8041979166666666 0.3741388888888889 0.044921875 0.05822222222222222
0 0.8413385416666667 0.3256851851851852 0.047307291666666626 0.04037962962962964
0 0.452390625 0.4299074074074074 0.04092187499999997 0.07470370370370366
0 0.13952604166666666 0.582462962962963 0.10247916666666666 0.13270370370370366
0 0.5248697916666667 0.3817037037037037 0.03295833333333338 0.06168518518518519
0 0.5947291666666668 0.5386296296296297 0.09448437499999993 0.13075000000000003