1 0.33544921875 0.4973958333333333 0.04681396484375 0.10335286458333333
0 0.5029296875 0.4483506944444444 0.045867919921875 0.09922960069444445
0 0.7368201381948446 0.5361637537408399 0.1007080078125 0.1906467013888889
0 0.87890625 0.3895399305555556 0.06695556640625 0.09776475694444445
0 0.82421875 0.3450520833333333 0.03338623046875 0.09233940972222222
1 0.90087890625 0.4635416666666667 0.08447265625 0.1303168402777778
1 0.17626953125 0.5846354166666666 0.062225341796875 0.13389756944444445
0 0.39111328125 0.5073784722222222 0.048675537109375 0.1072048611111111
0 0.93115234375 0.3882378472222222 0.061309814453125 0.11664496527777778
0 0.6044921875 0.5342881944444444 0.090576171875 0.14366319444444445
0 0.2451171875 0.6536458333333334 0.0836181640625 0.2523871527777778
0 0.578125 0.4016927083333333 0.047149658203125 0.09906684027777778
0 0.7900390625 0.453125 0.07464599609375 0.13509114583333334
0 0.65234375 0.326171875 0.03448486328125 0.0636935763888889
0 0.71533203125 0.4320746527777778 0.06396484375 0.1312934027777778
0 0.63671875 0.3645833333333333 0.04217529296875 0.0749782986111111
0 0.76025390625 0.3255208333333333 0.0439453125 0.07166883680555555
1 0.445068359375 0.4346788194444444 0.0413818359375 0.06700303819444445
0 0.81396484375 0.3851996527777778 0.042572021484375 0.1044921875
0 0.53857421875 0.3804253472222222 0.038238525390625 0.0686306423611111
0 0.703125 0.3287760416666667 0.038543701171875 0.059516059027777776