0 0.8304166666666667 0.34024074074074073 0.027760416666666763 0.07467592592592591
0 0.71875 0.43122222222222223 0.05700520833333324 0.13238888888888892
0 0.906203125 0.4682222222222222 0.07193229166666673 0.13180555555555556
0 0.9408020833333333 0.3899074074074074 0.0416406249999999 0.12041666666666663
0 0.7928072916666667 0.45110185185185186 0.0706354166666666 0.1286481481481481
0 0.24738541666666666 0.6138611111111112 0.07121875000000001 0.15622222222222223
1 0.62640625 0.36784259259259255 0.04299479166666676 0.07855555555555559
1 0.8161145833333333 0.3793888888888889 0.04321354166666656 0.09287962962962958
1 0.585390625 0.34230555555555553 0.03992708333333326 0.030851851851851898
0 0.8993177083333334 0.351712962962963 0.027895833333333304 0.055851851851851896
0 0.5048854166666666 0.4453148148148149 0.04519791666666665 0.09976851851851858
0 0.876953125 0.38325000000000004 0.052427083333333256 0.09635185185185191
1 0.5861041666666666 0.40251851851851855 0.03760416666666657 0.08390740740740742