0 0.5971666666666666 0.5360277777777778 0.09253124999999993 0.13606481481481486
0 0.7149166666666668 0.4122222222222222 0.0543697916666666 0.09028703703703703
0 0.9297604166666668 0.3675555555555555 0.04757812499999995 0.07775000000000003
0 0.7021510416666668 0.3287777777777778 0.03802604166666678 0.057509259259259274
0 0.6548697916666666 0.3182407407407407 0.027630208333333427 0.04765740740740743
0 0.14324479166666665 0.562675925925926 0.07874479166666667 0.10195370370370362
0 0.328125 0.4995648148148148 0.06008854166666661 0.11490740740740737
0 0.24206249999999999 0.5967870370370371 0.08852604166666668 0.12722222222222232
0 0.7890625 0.44922222222222224 0.07104687499999993 0.1385648148148148
0 0.7373072916666668 0.5403611111111112 0.10302604166666664 0.1740462962962963
0 0.8974635416666668 0.46440740740740744 0.07977083333333326 0.12771296296296292
1 0.5746718749999999 0.39566666666666667 0.03145833333333338 0.0901203703703704
0 0.86953125 0.38006481481481486 0.054244791666666715 0.09282407407407407
1 0.5024427083333334 0.4464166666666667 0.04168749999999998 0.11384259259259263
0 0.438234375 0.42556481481481484 0.04208333333333331 0.08555555555555554
0 0.6391614583333334 0.36588888888888893 0.04247916666666664 0.073462962962963
1 0.533203125 0.3929537037037037 0.042635416666666676 0.08187962962962969
0 0.8178697916666666 0.3231203703703704 0.04098437500000003 0.045388888888888874
0 0.7578125 0.3294259259259259 0.04501562499999991 0.06526851851851853
0 0.38965104166666664 0.5073796296296297 0.047421874999999974 0.11002777777777777
0 0.81640625 0.3860648148148148 0.04296875 0.10043518518518521
0 0.5887656250000001 0.3498148148148148 0.032932291666666676 0.04804629629629628