0 0.9424270833333334 0.3815 0.04800520833333337 0.11701851851851851
0 0.7557916666666666 0.35876851851851854 0.04633854166666656 0.06596296296296297
1 0.9091822916666668 0.4704907407407407 0.07891666666666666 0.12207407407407406
1 0.7422083333333334 0.5436574074074074 0.09844791666666666 0.1740462962962963
0 0.6400885416666667 0.3605277777777778 0.03529687499999999 0.06852777777777777
0 0.5855729166666667 0.40132407407407406 0.05951041666666678 0.09344444444444441
1 0.7882291666666668 0.4324814814814814 0.05984895833333326 0.09717592592592592
0 0.8313124999999999 0.33290740740740743 0.04356770833333338 0.08223148148148153
0 0.7656770833333333 0.31218518518518523 0.029593750000000085 0.038574074074074045
0 0.70265625 0.4196111111111111 0.0488124999999999 0.11198148148148143
0 0.5742552083333333 0.34101851851851855 0.04519791666666677 0.04000000000000004
1 0.1390625 0.5987685185185185 0.08509895833333332 0.1766481481481481
0 0.22986979166666668 0.6042314814814815 0.09908333333333334 0.17005555555555563
1 0.496765625 0.4440092592592592 0.048812500000000016 0.0992592592592593
0 0.324453125 0.48692592592592593 0.050234375000000026 0.10899074074074078
1 0.5244166666666666 0.3808796296296296 0.05526562499999995 0.04939814814814817
1 0.7978541666666668 0.3689444444444444 0.03469791666666661 0.04096296296296297
0 0.44880729166666666 0.42312037037037037 0.04287499999999997 0.08274074074074075
0 0.37919791666666663 0.5006851851851852 0.0645572916666667 0.11299999999999996
0 0.6074322916666667 0.5521666666666667 0.09997395833333324 0.13194444444444445
0 0.8709791666666666 0.3887407407407407 0.03997395833333333 0.10903703703703703
0 0.892140625 0.3542962962962963 0.03238020833333337 0.07111111111111107