0 0.9394947916666666 0.37115740740740744 0.050151041666666646 0.09729629629629634
0 0.743890625 0.3640648148148148 0.05586458333333345 0.07482407407407413
1 0.8836927083333334 0.4497777777777778 0.07891666666666666 0.09703703703703699
0 0.7845156249999999 0.5394907407407408 0.09844791666666666 0.1740462962962963
0 0.6527604166666666 0.36186111111111113 0.04224479166666673 0.06852777777777777
0 0.5845572916666666 0.3984722222222222 0.05951041666666678 0.08502777777777781
0 0.7910052083333333 0.41959259259259263 0.08379166666666672 0.0901203703703704
1 0.8232604166666667 0.3216388888888889 0.044140625 0.06041666666666667
0 0.8699375 0.3740277777777778 0.05333333333333338 0.06923148148148146
0 0.7758854166666667 0.3177962962962963 0.04138541666666669 0.042907407407407436
0 0.7112864583333334 0.42271296296296296 0.06032812499999996 0.09438888888888894
0 0.13441666666666666 0.5726666666666667 0.08505729166666669 0.1275462962962963
1 0.49936458333333333 0.44632407407407404 0.048812500000000016 0.09154629629629625
0 0.32652604166666666 0.48127777777777775 0.061348958333333314 0.10018518518518522
1 0.5317083333333333 0.388712962962963 0.04068229166666661 0.0731574074074074
0 0.8063020833333333 0.3616111111111111 0.04732812499999994 0.047851851851851805
0 0.3860572916666667 0.49746296296296294 0.0645572916666667 0.11299999999999996
1 0.63121875 0.5205 0.08552083333333324 0.12209259259259256
0 0.23525000000000004 0.5947222222222222 0.08739062500000001 0.14887962962962958
0 0.8884687499999999 0.5649722222222222 0.11746874999999998 0.1870462962962963
0 0.8830572916666667 0.3218611111111111 0.05217187500000004 0.04297222222222219
0 0.5837552083333333 0.3385462962962963 0.04230729166666668 0.04895370370370371
0 0.7 0.3143611111111111 0.043208333333333356 0.062037037037037036
0 0.650125 0.31219444444444444 0.04016666666666661 0.04569444444444447
0 0.4331614583333333 0.415462962962963 0.052510416666666636 0.08186111111111108