0 0.2401123046875 0.6163088151331484 0.090087890625 0.16816450526629675
0 0.160400390625 0.5772569444444444 0.06683349609375 0.1279296875
0 0.328369140625 0.4952256944444444 0.0592041015625 0.103515625
1 0.5810431632270128 0.35093986009753303 0.03762070479597455 0.046769043111732835
1 0.43896484375 0.4229600694444444 0.043853759765625 0.08355034722222222
1 0.5379043682991947 0.3869140435103316 0.04705503293286005 0.09229596896510762
0 0.9353345471594331 0.38346354166666663 0.051511081462383854 0.107421875
0 0.8260303231062889 0.33920325131093243 0.02689443191242257 0.07586744012186483
0 0.8705618599744244 0.38641047471155204 0.05478338791759872 0.11082008136754856
0 0.9582473561863528 0.3504431525490031 0.009409957671224352 0.0639522154836065
0 0.7183764276756646 0.42302480477423804 0.0625463123825791 0.10722582482625369
0 0.8115234375 0.38671875 0.05126953125 0.10801866319444445
0 0.8974609375 0.4644097222222222 0.07861328125 0.1281467013888889
0 0.387939453125 0.5099826388888888 0.047882080078125 0.107421875
0 0.74853515625 0.5390625 0.09222412109375 0.171875
0 0.79150390625 0.4526909722222222 0.06951904296875 0.1277126736111111
0 0.63916015625 0.3695746527777778 0.042572021484375 0.08062065972222222
0 0.498779296875 0.4483506944444444 0.04510498046875 0.09906684027777778
0 0.76123046875 0.3400607638888889 0.04595947265625 0.08734809027777778
0 0.59814453125 0.5347222222222222 0.09466552734375 0.13075086805555555
0 0.65380859375 0.326171875 0.031494140625 0.06190321180555555
0 0.703125 0.3292100694444444 0.03759765625 0.05859375