1 0.81982421875 0.3461371527777778 0.04046630859375 0.09391276041666667
1 0.5234375 0.3988715277777778 0.043701171875 0.08653428819444445
1 0.1763916015625 0.5850694444444444 0.063232421875 0.13780381944444445
0 0.5966796875 0.5329861111111112 0.08740234375 0.1418185763888889
0 0.8994140625 0.4631076388888889 0.080078125 0.1300998263888889
0 0.79248046875 0.4505208333333333 0.07421875 0.1391059027777778
0 0.2425537109375 0.6640625 0.0810546875 0.2515190972222222
0 0.93359375 0.3878038194444444 0.05645751953125 0.11577690972222222
1 0.7431640625 0.5412326388888888 0.10357666015625 0.17588975694444445
0 0.3388671875 0.5004340277777778 0.0472412109375 0.1044921875
1 0.81591796875 0.396484375 0.04296875 0.07438151041666667
1 0.453857421875 0.4290364583333333 0.042724609375 0.0852322048611111
1 0.87841796875 0.3791232638888889 0.0640869140625 0.08637152777777778
0 0.5888671875 0.4064670138888889 0.044525146484375 0.1095920138888889
0 0.72021484375 0.4383680555555556 0.070556640625 0.13053385416666666
1 0.50048828125 0.4466145833333333 0.040008544921875 0.09581163194444445
0 0.6318359375 0.3604600694444444 0.037109375 0.07356770833333333
0 0.76318359375 0.3240017361111111 0.048126220703125 0.06852213541666667
0 0.58447265625 0.34765625 0.047088623046875 0.08306206597222222
0 0.701171875 0.3253038194444444 0.040924072265625 0.06526692708333333
0 0.6513671875 0.3246527777777778 0.030731201171875 0.05870225694444445
0 0.388671875 0.5073784722222222 0.0521240234375 0.1062282986111111