0 0.7573229166666666 0.5477407407407406 0.08758333333333326 0.1731759259259259
0 0.826171875 0.34396296296296297 0.04208333333333343 0.07883333333333332
1 0.5024427083333334 0.448787037037037 0.04183854166666663 0.09743518518518515
0 0.8720729166666668 0.39105555555555555 0.05459375000000009 0.10183333333333335
0 0.5981458333333334 0.5325555555555556 0.09435937500000004 0.1397592592592593
0 0.23464583333333333 0.6072407407407407 0.08651041666666665 0.14742592592592596
1 0.9106458333333334 0.471787037037037 0.08050520833333343 0.1245648148148148
0 0.73046875 0.4346759259259259 0.06189062499999996 0.13877777777777778
1 0.45190625 0.42968518518518517 0.04272395833333332 0.0794259259259259
0 0.5776354166666666 0.3621944444444445 0.04287500000000009 0.07329629629629626
0 0.7978541666666668 0.45660185185185187 0.07763541666666664 0.13150925925925924
0 0.751953125 0.3767407407407407 0.05520833333333333 0.11490740740740743
0 0.16052083333333333 0.5776944444444444 0.06085416666666668 0.12359259259259261
1 0.5263697916666668 0.3930092592592592 0.03985416666666672 0.0768240740740741
1 0.7646510416666668 0.32508333333333334 0.029984375000000084 0.06559259259259262
0 0.939453125 0.38281481481481483 0.04949999999999998 0.11285185185185184
0 0.6538072916666666 0.40125925925925926 0.049135416666666744 0.15017592592592596
0 0.3295885416666666 0.5004351851851853 0.051942708333333344 0.10861111111111107
0 0.3872083333333334 0.5078148148148148 0.04968229166666672 0.11447222222222227
1 0.5908229166666668 0.40950925925925924 0.04519791666666677 0.11512962962962967
0 0.650390625 0.3263888888888889 0.035890624999999926 0.06005555555555557
0 0.890625 0.36610185185185184 0.04092187500000009 0.07470370370370376
0 0.8037135416666668 0.39431481481481484 0.04525520833333327 0.09016666666666666