0 0.9394947916666666 0.36658333333333337 0.050151041666666646 0.08813888888888884
0 0.750390625 0.3672777777777778 0.05912499999999999 0.0940925925925926
0 0.9091822916666668 0.46175 0.07891666666666666 0.1220740740740741
1 0.7583645833333333 0.5416296296296297 0.09844791666666666 0.1740462962962963
0 0.6527604166666666 0.36186111111111113 0.04224479166666673 0.06852777777777777
0 0.5855729166666667 0.40132407407407406 0.05951041666666678 0.09344444444444441
0 0.7946927083333333 0.43765740740740744 0.07356770833333333 0.09575925925925922
0 0.8307447916666667 0.3244814814814815 0.04058854166666658 0.0628981481481481
0 0.882921875 0.3789166666666667 0.05478124999999991 0.07396296296296295
0 0.7551562500000001 0.3102777777777778 0.03866666666666655 0.042907407407407436
0 0.6931927083333334 0.42411111111111116 0.06644791666666663 0.1018703703703704
0 0.5882343750000001 0.3397222222222222 0.04519791666666677 0.04000000000000004
0 0.13411458333333334 0.574212962962963 0.075203125 0.1275462962962963
0 0.496765625 0.4440092592592592 0.048812500000000016 0.0992592592592593
0 0.327078125 0.4825277777777778 0.061348958333333314 0.10018518518518522
1 0.5311875 0.38145370370370374 0.04172395833333328 0.05866666666666668
1 0.8182135416666667 0.3665648148148148 0.0440520833333333 0.05653703703703699
0 0.433703125 0.4158981481481482 0.04287499999999997 0.08274074074074075
0 0.385703125 0.5024629629629629 0.0645572916666667 0.11299999999999996
0 0.5985937499999999 0.5233796296296296 0.09997395833333324 0.13194444444444445
0 0.21777083333333333 0.5957777777777779 0.07044270833333334 0.1478888888888889
0 0.6501874999999999 0.31074074074074076 0.040812500000000064 0.052740740740740776