0 0.9382864583333334 0.37102777777777773 0.053828124999999956 0.09962962962962965
0 0.7441718749999999 0.366 0.05696354166666661 0.07865740740740745
0 0.882140625 0.43778703703703703 0.08031249999999991 0.08503703703703706
0 0.7694010416666667 0.531425925925926 0.10842708333333324 0.15892592592592586
0 0.6560364583333332 0.3639074074074074 0.049156250000000054 0.06852777777777777
0 0.5845572916666666 0.3961851851851852 0.05951041666666678 0.08502777777777781
0 0.7842135416666667 0.4270740740740741 0.07761458333333332 0.08301851851851849
0 0.838984375 0.32616666666666666 0.05496874999999998 0.06415740740740737
0 0.8775937500000001 0.38058333333333333 0.05333333333333338 0.0875
0 0.7645520833333334 0.3207962962962963 0.044984374999999945 0.05338888888888886
0 0.7128645833333334 0.42943518518518514 0.06262499999999989 0.1069444444444444
0 0.15716145833333334 0.5746666666666667 0.07648437500000001 0.11667592592592592
1 0.4998020833333333 0.44313888888888886 0.048812500000000016 0.0915462962962963
0 0.33160416666666664 0.4906203703703704 0.05897916666666667 0.09608333333333331
1 0.5244166666666666 0.37851851851851853 0.05526562499999995 0.05277777777777778
0 0.3860572916666667 0.49746296296296294 0.0645572916666667 0.11299999999999996
0 0.24108333333333334 0.5981666666666666 0.08739062499999999 0.13444444444444448
0 0.8917916666666666 0.5555462962962963 0.11043749999999998 0.17437037037037031
0 0.426875 0.4309351851851852 0.052510416666666636 0.08186111111111108
1 0.6040052083333334 0.5452407407407408 0.0979583333333333 0.10464814814814813
0 0.8228020833333333 0.36598148148148146 0.0394687500000001 0.05500925925925923
0 0.64834375 0.314962962962963 0.03958333333333333 0.04287037037037033
0 0.586765625 0.33712962962962967 0.03958333333333333 0.048333333333333374
0 0.699578125 0.3202222222222222 0.0425052083333334 0.05787037037037037
0 0.890859375 0.31283333333333335 0.048604166666666754 0.049148148148148184