0 0.9346302083333333 0.37854629629629627 0.051609375000000075 0.10203703703703708
0 0.4436041666666667 0.4299074074074074 0.04385416666666669 0.07031481481481476
0 0.6010729166666666 0.5308148148148147 0.08496354166666673 0.14887037037037035
0 0.7524427083333334 0.5381944444444444 0.0867916666666666 0.17165740740740734
0 0.7270520833333334 0.41830555555555554 0.06210416666666655 0.09757407407407406
0 0.16113541666666667 0.5798611111111112 0.06268229166666668 0.12706481481481482
0 0.33325 0.4995648148148148 0.05349479166666669 0.10487037037037036
0 0.7016614583333334 0.32899074074074075 0.04077083333333344 0.05783333333333337
0 0.24340625 0.667537037037037 0.08081249999999998 0.26020370370370366
1 0.501953125 0.4518240740740741 0.03994791666666669 0.09304629629629631
0 0.3864739583333333 0.5117222222222222 0.05184895833333331 0.11187037037037031
0 0.8012708333333334 0.4448796296296297 0.07781770833333326 0.14084259259259266
1 0.8784166666666666 0.3788796296296296 0.05718750000000009 0.0786666666666667
1 0.8134791666666668 0.3620648148148148 0.07043229166666667 0.063962962962963
0 0.587890625 0.34348148148148144 0.038755208333333256 0.04433333333333333
0 0.9018541666666666 0.4635462962962963 0.08019791666666667 0.12750000000000003
0 0.5885364583333333 0.4090740740740741 0.049494791666666774 0.10166666666666663
0 0.5283229166666666 0.3906296296296296 0.035005208333333294 0.0654814814814815
0 0.6342760416666666 0.3615462962962963 0.03817708333333343 0.073462962962963
0 0.763671875 0.3261759259259259 0.03476041666666655 0.06488888888888893
0 0.658203125 0.32899074074074075 0.02784895833333323 0.06076851851851851