0 0.7495104166666666 0.5386296296296297 0.09057812499999993 0.16894444444444448
0 0.599609375 0.5316851851851853 0.0903906250000001 0.1393240740740741
0 0.7275416666666668 0.4211666666666667 0.062437500000000055 0.11273148148148149
1 0.49808854166666666 0.4479166666666667 0.045723958333333314 0.09510185185185188
0 0.935546875 0.3675740740740741 0.05301041666666677 0.08422222222222225
0 0.31430729166666665 0.4900648148148148 0.06217708333333339 0.09031481481481478
0 0.8696302083333334 0.39387962962962964 0.04751562500000001 0.10899074074074078
0 0.4416510416666667 0.4275185185185185 0.041135416666666674 0.06993518518518516
1 0.823390625 0.37672222222222224 0.04722916666666658 0.08541666666666667
0 0.23950000000000002 0.6519074074074074 0.08868229166666669 0.24197222222222214
0 0.7939479166666668 0.4552962962962963 0.07751562499999996 0.13335185185185183
0 0.15930208333333334 0.5776944444444444 0.06499999999999999 0.13010185185185183
1 0.5382447916666667 0.3824814814814815 0.04314062499999996 0.05783333333333337
0 0.7622083333333334 0.32790740740740737 0.050718750000000055 0.06862962962962964
0 0.38140104166666666 0.5099814814814815 0.054421875 0.10877777777777779
0 0.894375 0.3485648148148148 0.03986979166666676 0.05543518518518519
1 0.9150416666666668 0.4743888888888889 0.09844791666666666 0.13150925925925924
0 0.703125 0.32551851851851854 0.04122916666666659 0.06309259259259258
0 0.650390625 0.3637407407407407 0.04534895833333342 0.08447222222222224
0 0.5834947916666666 0.4134259259259259 0.048557291666666676 0.09651851851851853
0 0.5795885416666666 0.34675 0.046812500000000055 0.043879629629629616
0 0.6513697916666668 0.3195 0.03726041666666665 0.038407407407407425