0 0.9340833333333334 0.38520370370370366 0.05560416666666678 0.11425925925925924
0 0.5981458333333334 0.5329907407407407 0.09253124999999993 0.1338981481481481
0 0.7260729166666666 0.43207407407407405 0.06256249999999994 0.1400833333333333
0 0.159421875 0.5692592592592592 0.06476041666666668 0.11388888888888889
0 0.7509791666666668 0.5477407407407406 0.08770833333333337 0.15787962962962962
0 0.8149427083333334 0.38672222222222224 0.05117708333333345 0.10052777777777783
0 0.3298333333333333 0.4986944444444445 0.05212499999999996 0.10720370370370368
0 0.8720729166666668 0.3886759259259259 0.05212499999999996 0.10487037037037036
0 0.7959010416666668 0.4613703703703703 0.07879687499999997 0.1254351851851852
0 0.23840104166666667 0.6086759259259259 0.08709895833333334 0.1503055555555555
0 0.501953125 0.45225925925925925 0.04452604166666667 0.10801851851851849
0 0.8374010416666666 0.34526851851851853 0.029588541666666638 0.08137962962962962
0 0.44238541666666664 0.4275185185185185 0.042177083333333344 0.08230555555555555
1 0.55078125 0.3953981481481481 0.035489583333333324 0.08230555555555555
0 0.5896979166666667 0.39566666666666667 0.04918750000000003 0.07508333333333336
0 0.38379166666666664 0.5091111111111112 0.04629687500000005 0.10606481481481478
0 0.654296875 0.3136388888888889 0.030625000000000093 0.04193518518518515
0 0.7661145833333334 0.3246574074074074 0.03881770833333344 0.06851851851851852
0 0.9091822916666668 0.4713518518518518 0.07904166666666677 0.12380555555555553
0 0.5791041666666668 0.3559074074074074 0.03845312499999996 0.06851851851851852
0 0.8891614583333334 0.36327777777777776 0.04068229166666673 0.07975
0 0.6586927083333334 0.3843333333333333 0.03860416666666661 0.1220740740740741