0 0.585515625 0.4005462962962963 0.05427083333333324 0.07737962962962967
0 0.6549010416666667 0.3232222222222222 0.03069270833333325 0.0625185185185185
0 0.17190625 0.5846388888888888 0.06310937499999998 0.13758333333333325
0 0.24416666666666667 0.6093425925925926 0.07581770833333336 0.1427222222222223
0 0.38343750000000004 0.5057962962962963 0.05944791666666672 0.10138888888888889
1 0.4984375 0.44591666666666663 0.043588541666666696 0.09506481481481478
0 0.6370833333333333 0.3651759259259259 0.041437499999999974 0.07335185185185188
0 0.701171875 0.3253055555555555 0.04037499999999999 0.06488888888888893
0 0.32702604166666666 0.4981574074074074 0.047421874999999974 0.10525000000000001
0 0.76171875 0.33116666666666666 0.04867708333333335 0.07286111111111106
1 0.765890625 0.5570370370370371 0.09675520833333333 0.16084259259259262
0 0.9018489583333333 0.46574074074074073 0.07047916666666675 0.1301481481481481
0 0.7837291666666667 0.4467222222222222 0.08222916666666673 0.10933333333333337
0 0.8762760416666667 0.3854259259259259 0.04919791666666669 0.08551851851851854
0 0.7202760416666667 0.4336296296296296 0.05856250000000003 0.13144444444444442
0 0.9379114583333333 0.3930277777777778 0.05172916666666675 0.12004629629629628
0 0.9572604166666667 0.34694444444444444 0.007932291666666676 0.06302777777777782
0 0.8276354166666666 0.3334814814814815 0.03216666666666678 0.0705
1 0.797359375 0.3708240740740741 0.061708333333333344 0.08054629629629631
0 0.6032291666666667 0.5419722222222223 0.09463541666666657 0.13990740740740737
1 0.4439114583333333 0.4348703703703704 0.0515260416666667 0.08250000000000002
0 0.5339166666666666 0.3916388888888889 0.04207812499999998 0.08541666666666667
1 0.57953125 0.35418518518518516 0.04669791666666659 0.05348148148148147