1 0.765625 0.5490462962962963 0.09857291666666677 0.16569444444444448
1 0.5027083333333333 0.4433333333333333 0.04021875000000001 0.09280555555555552
0 0.724609375 0.4383703703703704 0.06408854166666676 0.1333518518518519
1 0.8989270833333334 0.46311111111111114 0.07275520833333336 0.12435185185185192
1 0.8774427083333334 0.3878055555555555 0.05966145833333343 0.08849074074074079
1 0.8227552083333334 0.3433148148148148 0.05340624999999998 0.09424074074074072
1 0.8178697916666666 0.39431481481481484 0.05270312500000003 0.08181481481481483
0 0.242921875 0.6640648148148148 0.08093229166666666 0.25542592592592606
0 0.6624479166666667 0.32753703703703707 0.037531249999999974 0.059166666666666645
0 0.3354479166666666 0.5021666666666667 0.05697395833333339 0.11122222222222228
0 0.7612291666666666 0.3287777777777778 0.04904166666666659 0.07112962962962968
0 0.6997083333333334 0.3263888888888889 0.04202083333333325 0.0651018518518518
1 0.596734375 0.35962962962962963 0.03726041666666665 0.06223148148148151
1 0.17368750000000002 0.5844074074074074 0.06057291666666664 0.13080555555555554
1 0.598984375 0.5301203703703703 0.0796875 0.13010185185185183
1 0.7905260416666666 0.4509537037037037 0.07122916666666677 0.12792592592592594
0 0.931640625 0.3854166666666667 0.058656249999999945 0.10921296296296301
0 0.6333020833333334 0.36306481481481484 0.03726041666666665 0.07329629629629626
0 0.5859375 0.4171018518518519 0.04351562500000009 0.1245648148148148
1 0.45215104166666664 0.42924999999999996 0.03683333333333335 0.06993518518518516
1 0.5317395833333334 0.3958333333333333 0.03390624999999995 0.08198148148148145
1 0.3901354166666666 0.5073796296296297 0.05014062499999999 0.10525000000000001