0 0.33090625 0.4944722222222222 0.04858333333333332 0.10682407407407403
0 0.7532656249999999 0.3670277777777778 0.048557291666666676 0.08398148148148152
0 0.236328125 0.6532129629629629 0.09039062499999997 0.21744444444444436
0 0.8882239583333333 0.34270370370370373 0.033046874999999906 0.035388888888888914
0 0.64453125 0.3645833333333333 0.04025520833333331 0.07009259259259264
0 0.9392760416666667 0.3727962962962963 0.04316666666666672 0.08380555555555555
0 0.38053125 0.5070185185185185 0.04821874999999996 0.1254351851851852
0 0.4482552083333333 0.42325 0.042234374999999956 0.08002777777777784
0 0.7134947916666667 0.4192222222222222 0.05876562499999996 0.1076574074074074
1 0.7568385416666668 0.5386296296296297 0.09997395833333324 0.17653703703703705
0 0.7896249999999999 0.4257314814814815 0.06595312500000006 0.08561111111111115
0 0.8046875 0.3665185185185185 0.04360937500000001 0.04293518518518519
0 0.8597812499999999 0.37289814814814815 0.0344479166666666 0.06622222222222221
0 0.9072291666666668 0.4700555555555556 0.07946874999999996 0.12478703703703707
0 0.5795885416666666 0.3398703703703704 0.04083333333333338 0.035148148148148185
0 0.5029322916666666 0.44032407407407403 0.041380208333333356 0.09581481481481478
0 0.582890625 0.40682407407407406 0.05854687499999992 0.10130555555555552
0 0.8350000000000001 0.3404722222222222 0.0436614583333333 0.07069444444444446
0 0.65725 0.32072222222222224 0.028104166666666687 0.03434259259259262
1 0.77421875 0.32016666666666665 0.03155208333333329 0.054768518518518494
1 0.5239270833333334 0.38215740740740745 0.030958333333333362 0.07356481481481486
1 0.15246354166666667 0.5768240740740741 0.08166666666666665 0.13129629629629624
0 0.6025416666666668 0.5338518518518518 0.08978125000000006 0.14051851851851851