0 0.9394947916666666 0.37115740740740744 0.050151041666666646 0.09729629629629634
0 0.7459947916666666 0.3640648148148148 0.05586458333333345 0.07482407407407413
0 0.903140625 0.44923148148148156 0.07891666666666666 0.09703703703703705
1 0.7583645833333333 0.5416296296296297 0.09844791666666666 0.1740462962962963
0 0.6527604166666666 0.36186111111111113 0.04224479166666673 0.06852777777777777
0 0.5845572916666666 0.3984722222222222 0.05951041666666678 0.08502777777777781
0 0.7961197916666667 0.42625 0.07356770833333333 0.10343518518518521
1 0.8289687499999999 0.3232407407407408 0.044140625 0.06041666666666667
0 0.8699375 0.3740277777777778 0.05333333333333338 0.06923148148148146
1 0.7692135416666667 0.32537037037037037 0.03565625000000002 0.06421296296296299
0 0.7088802083333333 0.42513888888888884 0.05552083333333328 0.10187037037037035
0 0.13904166666666665 0.574212962962963 0.08505729166666669 0.1275462962962963
0 0.496765625 0.4440092592592592 0.048812500000000016 0.0992592592592593
0 0.32883854166666665 0.48127777777777775 0.061348958333333314 0.10018518518518522
1 0.5324895833333333 0.39010185185185187 0.03911979166666661 0.07594444444444443
1 0.8213333333333334 0.36962962962962964 0.04732812499999994 0.05747222222222227
0 0.43852083333333336 0.415462962962963 0.052510416666666636 0.08186111111111108
0 0.3860572916666667 0.49746296296296294 0.0645572916666667 0.11299999999999996
0 0.6062031250000001 0.5256944444444445 0.09997395833333324 0.13194444444444445
0 0.23929687500000002 0.5962685185185186 0.08739062500000001 0.14887962962962958
0 0.8988385416666667 0.5636388888888889 0.1382083333333334 0.18437037037037032
0 0.8922239583333333 0.3405648148148148 0.0380468750000001 0.04297222222222219