1 0.4997552083333333 0.45051851851851854 0.044187499999999956 0.09776851851851855
1 0.5971666666666666 0.5290833333333333 0.08850000000000004 0.14029629629629628
0 0.751953125 0.5399351851851851 0.08477604166666666 0.16503703703703704
1 0.7250989583333334 0.4340277777777778 0.06130729166666669 0.13834259259259263
1 0.87109375 0.389537037037037 0.05429166666666655 0.10335185185185186
1 0.76171875 0.3274722222222222 0.04046874999999991 0.06462037037037034
0 0.939453125 0.3739166666666667 0.05166666666666657 0.06965740740740742
0 0.58984375 0.411462962962963 0.04715104166666677 0.10839814814814809
1 0.5385729166666666 0.3925740740740741 0.043760416666666656 0.09033333333333328
0 0.238015625 0.6067314814814815 0.0857395833333333 0.14423148148148146
0 0.15588541666666667 0.5763888888888888 0.06176562500000002 0.1258703703703704
0 0.331296875 0.5030370370370371 0.05358854166666672 0.1010740740740741
1 0.912109375 0.4704907407407407 0.08416666666666663 0.12934259259259265
1 0.7973645833333334 0.4587685185185185 0.07720833333333323 0.12706481481481482
0 0.8920885416666666 0.36610185185185184 0.041135416666666674 0.08382407407407405
1 0.4436041666666667 0.42838888888888893 0.044921875 0.08246296296296302
0 0.385984375 0.511287037037037 0.047609375000000044 0.10921296296296301
1 0.8017604166666668 0.3958333333333333 0.04904166666666659 0.08946296296296297
1 0.8276354166666666 0.3441851851851852 0.04147395833333339 0.07329629629629626
0 0.6450208333333334 0.3819444444444444 0.0401614583333334 0.15451851851851853
0 0.5766614583333334 0.35959259259259263 0.03839062500000002 0.06965740740740742
0 0.6567395833333334 0.32508333333333334 0.02752604166666662 0.0602777777777778