0 0.5348854166666667 0.3904537037037037 0.03589062499999998 0.08430555555555551
0 0.32888020833333337 0.4976388888888889 0.05481770833333333 0.10601851851851851
0 0.5847447916666667 0.40602777777777777 0.054598958333333295 0.09534259259259262
0 0.2458697916666667 0.6179166666666667 0.07344270833333336 0.16659259259259265
1 0.8214947916666666 0.384175925925926 0.05207291666666668 0.07818518518518514
1 0.8217760416666666 0.3409259259259259 0.03942708333333324 0.08496296296296295
0 0.8988333333333334 0.4659351851851851 0.07946874999999996 0.12868518518518515
0 0.8781874999999999 0.37153703703703705 0.05013541666666678 0.06865740740740739
0 0.7599374999999999 0.5365092592592592 0.10174479166666663 0.17068518518518516
0 0.7853825732699936 0.44050108667479176 0.082677236272513 0.10604557612736132
0 0.5966796875 0.5364583333333334 0.09027099609375 0.1391059027777778
0 0.703125 0.328125 0.03802490234375 0.059027777777777776
0 0.716796875 0.4403211805555556 0.06085205078125 0.1486545138888889
0 0.17578125 0.5868055555555556 0.062225341796875 0.13661024305555555
0 0.5771484375 0.3621961805555556 0.041778564453125 0.06928168402777778
1 0.44384765625 0.4331597222222222 0.041229248046875 0.06917317708333333
0 0.93212890625 0.390625 0.05706787109375 0.11707899305555555
0 0.63427734375 0.3604600694444444 0.0411376953125 0.0788302951388889
0 0.9560546875 0.3522135416666667 0.0110321044921875 0.0673828125
1 0.50146484375 0.4505208333333333 0.0390625 0.09163411458333333
0 0.392333984375 0.5082465277777778 0.04803466796875 0.11100260416666667
0 0.759765625 0.3274739583333333 0.044342041015625 0.0703125
0 0.65380859375 0.3240017361111111 0.03228759765625 0.060601128472222224