0 0.32833854166666665 0.49240740740740735 0.04690624999999997 0.10487037037037036
0 0.43588541666666664 0.42662962962962964 0.04409895833333337 0.07058333333333335
0 0.3869635416666667 0.5078148148148148 0.04779166666666666 0.12478703703703702
0 0.5771510416666668 0.3390925925925926 0.03582812499999998 0.03342592592592595
0 0.7529322916666668 0.3594814814814815 0.04751562500000001 0.07106481481481482
0 0.6435572916666668 0.3639351851851852 0.042177083333333344 0.07101851851851856
0 0.7123645833333333 0.43519444444444444 0.054822916666666784 0.13026851851851856
0 0.241234375 0.5938796296296296 0.08105729166666667 0.152888888888889
0 0.8935572916666668 0.3451296296296296 0.04183854166666663 0.03574074074074076
1 0.9072291666666668 0.4704907407407407 0.08990624999999994 0.13173148148148148
0 0.6578593749999999 0.31966666666666665 0.028427083333333294 0.027935185185185146
0 0.7701770833333333 0.531462962962963 0.09436979166666669 0.1789351851851852
0 0.5852552083333333 0.39517592592592593 0.060598958333333286 0.08886111111111114
0 0.15771354166666668 0.5768240740740741 0.06609895833333332 0.12630555555555564
0 0.8051770833333334 0.3688148148148148 0.04336458333333345 0.04584259259259259
0 0.7696770833333333 0.31942592592592595 0.028744791666666696 0.05270370370370366
0 0.8364270833333334 0.32937962962962963 0.051760416666666725 0.04206481481481477
0 0.5932604166666666 0.5377592592592593 0.0948489583333334 0.1348703703703704
1 0.8081041666666666 0.42659259259259263 0.06384374999999996 0.07259259259259257
1 0.503328125 0.44362962962962965 0.04674999999999999 0.0933148148148148
0 0.87109375 0.37099074074074073 0.05593750000000005 0.0629537037037037
1 0.5297864583333334 0.3919259259259259 0.037203124999999976 0.07329629629629626
0 0.9379270833333333 0.3748796296296296 0.04849479166666673 0.09944444444444442