0 0.15930208333333334 0.5772592592592594 0.06176562500000002 0.13075000000000003
0 0.7947552083333334 0.4253148148148148 0.06473437499999998 0.09185185185185189
1 0.5008072916666666 0.4479166666666667 0.04049479166666667 0.10014814814814817
1 0.5947291666666668 0.5334166666666667 0.09271354166666677 0.13291666666666663
0 0.7021510416666668 0.32282407407407404 0.03649999999999996 0.06571296296296299
0 0.9353802083333334 0.3757962962962963 0.05261979166666677 0.09132407407407407
0 0.7151302083333333 0.43169444444444444 0.052880208333333435 0.12966666666666662
0 0.6381822916666666 0.36718518518518517 0.04183854166666663 0.07899074074074079
0 0.8694843750000001 0.3847962962962963 0.043770833333333314 0.09655555555555553
0 0.2359375 0.6093333333333334 0.09234374999999997 0.149962962962963
0 0.6538072916666666 0.3237962962962963 0.030625000000000093 0.06572222222222224
1 0.763671875 0.5321203703703704 0.09399479166666656 0.17968518518518514
0 0.7583020833333334 0.3283148148148148 0.04568229166666669 0.06927777777777783
0 0.955078125 0.3524351851851852 0.012145833333333418 0.06168518518518519
0 0.8223333333333334 0.32231481481481483 0.03374479166666665 0.04278703703703707
0 0.3224635416666667 0.4967314814814815 0.05657812499999994 0.09984259259259258
0 0.8168958333333334 0.3845462962962963 0.04477083333333335 0.10411111111111106
1 0.5795885416666666 0.39766666666666667 0.04138020833333324 0.09050925925925926
0 0.8979479166666666 0.4600740740740741 0.0792239583333334 0.12955555555555556
1 0.43871875 0.42209259259259263 0.04193229166666666 0.08246296296296292
0 0.3908697916666667 0.5078148148148148 0.04715104166666665 0.10839814814814809
1 0.5384635416666667 0.38346296296296295 0.037046875000000055 0.08322222222222221
0 0.5870156249999999 0.34975 0.0203854166666666 0.04278703703703707