0 0.9379375 0.36696296296296294 0.05217708333333325 0.08795370370370371
0 0.7531770833333333 0.37616666666666665 0.05156770833333345 0.1007592592592592
1 0.9133958333333333 0.4740185185185185 0.07891666666666666 0.1220740740740741
1 0.7422083333333334 0.5436574074074074 0.09844791666666666 0.1740462962962963
0 0.6400885416666667 0.3605277777777778 0.03529687499999999 0.06852777777777777
0 0.5855729166666667 0.40132407407407406 0.05951041666666678 0.09344444444444441
0 0.802796875 0.44639814814814816 0.06083854166666664 0.11700925925925931
0 0.8313124999999999 0.33290740740740743 0.04356770833333338 0.08223148148148153
0 0.8750416666666666 0.39287962962962963 0.04147395833333339 0.09981481481481477
0 0.7686302083333333 0.31548148148148153 0.03549479166666671 0.04517592592592589
0 0.70265625 0.4196111111111111 0.0488124999999999 0.11198148148148143
0 0.5742552083333333 0.34101851851851855 0.04519791666666677 0.04000000000000004
0 0.13359375 0.6043240740740741 0.07416145833333333 0.18776851851851847
0 0.22986979166666668 0.6042314814814815 0.09908333333333334 0.17005555555555563
1 0.496765625 0.4440092592592592 0.048812500000000016 0.0992592592592593
0 0.31716145833333337 0.5077685185185185 0.06481770833333336 0.1506851851851852
0 0.5244166666666666 0.3768240740740741 0.05526562499999995 0.04939814814814817
0 0.7978541666666668 0.3689444444444444 0.03469791666666661 0.04096296296296297
0 0.44880729166666666 0.42312037037037037 0.04287499999999997 0.08274074074074075
0 0.37919791666666663 0.5006851851851852 0.0645572916666667 0.11299999999999996
0 0.5980208333333333 0.5167314814814815 0.09997395833333324 0.13194444444444445
0 0.8968958333333333 0.3483425925925926 0.029979166666666637 0.059805555555555584
0 0.6476979166666667 0.30373148148148144 0.03464062500000011 0.04746296296296296