0 0.9382864583333334 0.37102777777777773 0.053828124999999956 0.09962962962962965
0 0.7444739583333334 0.36439814814814814 0.05696354166666661 0.07865740740740745
0 0.9053645833333334 0.44784259259259257 0.08031249999999991 0.09024074074074072
0 0.7847708333333333 0.5343888888888889 0.10842708333333324 0.15892592592592597
0 0.6560364583333332 0.3639074074074074 0.049156250000000054 0.06852777777777777
0 0.5845572916666666 0.3961851851851852 0.05951041666666678 0.08502777777777781
0 0.7892499999999999 0.42598148148148146 0.07761458333333332 0.07286111111111106
0 0.832984375 0.32328703703703704 0.05496874999999998 0.06415740740740737
0 0.8805208333333333 0.37862962962962965 0.05333333333333338 0.0875
0 0.7717083333333333 0.32234259259259257 0.044984374999999945 0.05338888888888886
0 0.7081510416666668 0.4304722222222223 0.06262499999999989 0.1069444444444445
0 0.15632812499999998 0.5776296296296296 0.07648437500000001 0.11667592592592592
1 0.4998020833333333 0.4482777777777778 0.048812500000000016 0.09154629629629635
0 0.32410416666666664 0.4876574074074074 0.05897916666666667 0.09608333333333331
1 0.5244166666666666 0.37851851851851853 0.05526562499999995 0.05277777777777778
0 0.3860572916666667 0.49746296296296294 0.0645572916666667 0.11299999999999996
0 0.24108333333333334 0.5981666666666666 0.08739062499999999 0.13444444444444448
0 0.8917916666666666 0.5555462962962963 0.11043749999999998 0.17437037037037031
0 0.44009895833333335 0.43147222222222226 0.052510416666666636 0.08186111111111108
0 0.6047083333333333 0.5278611111111111 0.0979583333333333 0.13511111111111113
1 0.8184791666666666 0.3773148148148148 0.04717708333333329 0.0518981481481481
0 0.65025 0.3167962962962963 0.048911458333333255 0.041009259259259224