0 0.586369849945001 0.4020368099956967 0.05589799542249807 0.0936786547136156
0 0.8798828125 0.3899739583333333 0.04913330078125 0.10389539930555555
1 0.82568359375 0.3426649305555556 0.06573486328125 0.07313368055555555
0 0.7235321571487743 0.42728572050962105 0.04728404086004853 0.11846032990813098
1 0.50048828125 0.4505208333333333 0.043212890625 0.09266493055555555
0 0.9306640625 0.3786892361111111 0.057708740234375 0.1018337673611111
0 0.75146484375 0.5390625 0.089599609375 0.1716579861111111
0 0.44677734375 0.427734375 0.0416259765625 0.0700954861111111
1 0.5302734375 0.3943142361111111 0.0369873046875 0.0715603298611111
0 0.9033203125 0.4639756944444444 0.08270263671875 0.125
0 0.33251953125 0.49609375 0.050994873046875 0.10297309027777778
0 0.7900390625 0.4505208333333333 0.07122802734375 0.1303168402777778
0 0.2451171875 0.6610243055555556 0.08209228515625 0.2541232638888889
0 0.38818359375 0.51171875 0.0509033203125 0.11165364583333333
0 0.65673828125 0.3276909722222222 0.029541015625 0.05837673611111111
0 0.7001953125 0.3268229166666667 0.04132080078125 0.060492621527777776
0 0.154052734375 0.5763888888888888 0.0582275390625 0.12565104166666666
0 0.60107421875 0.5338541666666666 0.08990478515625 0.13661024305555555
0 0.58740234375 0.3537326388888889 0.038116455078125 0.05772569444444445
0 0.6416015625 0.36328125 0.03643798828125 0.07221137152777778
0 0.763671875 0.3266059027777778 0.038604736328125 0.06635199652777778
0 0.24658203125 0.5811631944444444 0.044189453125 0.09456380208333333
1 0.35302734375 0.60546875 0.0709228515625 0.2834201388888889
1 0.62451171875 0.3849826388888889 0.03582763671875 0.11968315972222222