1 0.822265625 0.3459201388888889 0.04010009765625 0.08588324652777778
0 0.95654296875 0.3502604166666667 0.0112457275390625 0.06537543402777778
0 0.93359375 0.3895399305555556 0.056121826171875 0.11729600694444445
0 0.88134765625 0.3812934027777778 0.0640869140625 0.1047092013888889
0 0.6396484375 0.3634982638888889 0.041534423828125 0.07383897569444445
0 0.5966796875 0.5364583333333334 0.09185791015625 0.14442274305555555
0 0.1754150390625 0.5855034722222222 0.0634765625 0.13411458333333334
0 0.5888671875 0.4186197916666667 0.046112060546875 0.1199001736111111
0 0.703125 0.3279079861111111 0.037322998046875 0.060980902777777776
1 0.451171875 0.4325086805555556 0.045257568359375 0.07356770833333333
0 0.583984375 0.3565538194444444 0.041839599609375 0.06597222222222222
0 0.7919921875 0.44921875 0.07489013671875 0.13758680555555555
1 0.5361328125 0.3982204861111111 0.045257568359375 0.0803493923611111
0 0.716796875 0.4364149305555556 0.061981201171875 0.14518229166666666
0 0.65234375 0.3220486111111111 0.0255584716796875 0.060492621527777776
0 0.90185546875 0.4657118055555556 0.0794677734375 0.13704427083333334
1 0.8173828125 0.3932291666666667 0.041229248046875 0.08121744791666667
0 0.76318359375 0.3237847222222222 0.047088623046875 0.06722005208333333
1 0.50048828125 0.4479166666666667 0.038543701171875 0.09776475694444445
0 0.33837890625 0.4991319444444444 0.048492431640625 0.11165364583333333
0 0.2451171875 0.6519097222222222 0.07586669921875 0.23914930555555555
0 0.74853515625 0.5412326388888888 0.1019287109375 0.17588975694444445
0 0.391845703125 0.5091145833333334 0.0472412109375 0.11371527777777778
0 0.383056640625 0.5842013888888888 0.06878662109375 0.2562934027777778