1 0.5 0.448787037037037 0.04287499999999997 0.09651851851851848
0 0.7646458333333332 0.30800925925925926 0.030276041666666722 0.03730555555555552
0 0.7954114583333334 0.4592037037037037 0.07965104166666657 0.1279259259259259
1 0.802734375 0.38485185185185183 0.04672395833333335 0.06707407407407412
0 0.75090625 0.35224074074074074 0.04982291666666659 0.05668518518518521
0 0.576171875 0.36024074074074075 0.03649999999999996 0.07399999999999997
0 0.4514166666666667 0.42903703703703705 0.04360937500000001 0.08105555555555552
0 0.93984375 0.37092592592592594 0.04506249999999999 0.08897222222222226
0 0.8305677083333334 0.3433148148148148 0.04452604166666655 0.07926851851851853
0 0.7181197916666666 0.41417592592592595 0.055281249999999935 0.08757407407407411
0 0.655703125 0.31372222222222224 0.029109374999999934 0.03726851851851852
1 0.9096666666666666 0.46875 0.08019791666666667 0.12249999999999996
0 0.863609375 0.3908611111111111 0.035807291666666664 0.10189814814814811
0 0.32733333333333337 0.4940740740740741 0.04794270833333331 0.10899074074074078
0 0.7402656249999999 0.5398055555555555 0.06323437499999993 0.17255555555555563
0 0.8945000000000001 0.34419444444444447 0.03457812499999993 0.04054629629629626
0 0.24279687500000005 0.6493055555555556 0.07696354166666669 0.21267592592592596
0 0.38671875 0.5091111111111112 0.04977604166666663 0.12337037037037038
0 0.16052083333333333 0.5776944444444444 0.06280729166666668 0.127925925925926
0 0.642578125 0.37239814814814814 0.04812500000000005 0.09722222222222222
0 0.58984375 0.4136296296296297 0.0496822916666666 0.09439814814814819
0 0.6040052083333334 0.5325555555555556 0.08910937500000007 0.14648148148148152
1 0.525390625 0.3858518518518519 0.03448437500000002 0.06879629629629626