0 0.59765625 0.5347222222222222 0.0889895833333334 0.13780555555555554
0 0.7470729166666668 0.5381944444444444 0.0889895833333334 0.17524074074074072
0 0.15490625 0.5755185185185184 0.056973958333333324 0.12228703703703697
0 0.4458020833333334 0.42903703703703705 0.04321354166666668 0.06879629629629626
0 0.32574479166666664 0.4943611111111111 0.06677083333333336 0.10373148148148145
0 0.248046875 0.6050925925925926 0.08196875000000002 0.150074074074074
1 0.5009791666666666 0.4500833333333333 0.04162500000000004 0.09234259259259256
0 0.7225833333333332 0.41882407407407407 0.06698437500000007 0.0974166666666667
0 0.38683333333333336 0.5133055555555556 0.05472916666666663 0.11445370370370367
0 0.8715572916666667 0.3914074074074074 0.035161458333333444 0.10091666666666667
0 0.5888697916666668 0.3471759259259259 0.03933854166666677 0.04465740740740742
0 0.5903333333333334 0.4106203703703704 0.04788020833333325 0.07900925925925929
0 0.934734375 0.36819444444444444 0.040906249999999984 0.10303703703703701
0 0.791015625 0.45051851851851854 0.06903124999999997 0.13411111111111115
1 0.5297864583333334 0.39410185185185187 0.03656249999999996 0.07020370370370364
0 0.9038072916666666 0.465712962962963 0.08270312499999997 0.12435185185185181
1 0.8220208333333333 0.36474074074074075 0.06793229166666657 0.05489814814814811
0 0.6360104166666667 0.36162962962962963 0.034468749999999916 0.08353703703703706
0 0.6594218749999999 0.3287777777777778 0.024994791666666554 0.06331481481481481
0 0.7017343749999999 0.32725925925925925 0.038307291666666764 0.06005555555555557
0 0.895484375 0.35412037037037036 0.031197916666666714 0.07194444444444449
0 0.76171875 0.34223148148148147 0.03628645833333337 0.10107407407407404