0 0.7457239583333333 0.5285370370370371 0.10521354166666678 0.14891666666666664
0 0.595703125 0.5364629629629629 0.09503125000000003 0.14051851851851851
0 0.9008802083333334 0.465712962962963 0.07977083333333326 0.13606481481481486
0 0.7866197916666666 0.4531296296296296 0.07195833333333326 0.13661111111111107
0 0.71875 0.4364166666666667 0.06021354166666673 0.1397592592592592
0 0.8818385416666668 0.38693518518518516 0.06222395833333323 0.09510185185185188
1 0.9316458333333333 0.37969444444444445 0.04541666666666657 0.10155555555555551
0 0.8298125 0.3291481481481482 0.030317708333333353 0.06112037037037036
0 0.8115260416666668 0.3843333333333333 0.04239062499999993 0.10145370370370375
0 0.7612291666666666 0.3263888888888889 0.039182291666666674 0.06851851851851852
0 0.7021510416666668 0.3259537037037037 0.03823958333333337 0.0654814814814815
0 0.63671875 0.3650185185185185 0.04153645833333333 0.0768240740740741
0 0.4984427083333333 0.4544259259259259 0.05209895833333332 0.11664814814814817
0 0.15393229166666667 0.5742222222222222 0.06231770833333332 0.12727777777777782
0 0.44238541666666664 0.42274074074074075 0.04168749999999998 0.08062037037037041
0 0.654296875 0.3246574074074074 0.031557291666666744 0.06390740740740739
0 0.5798958333333334 0.3898333333333333 0.054598958333333295 0.08522222222222219
0 0.5390625 0.3819444444444444 0.03533854166666662 0.06575925925925924
0 0.3942864583333333 0.5007222222222222 0.053677083333333306 0.10978703703703697
0 0.3251041666666667 0.48506481481481484 0.059281249999999966 0.09051851851851851
0 0.247203125 0.5946574074074075 0.08127604166666665 0.1411296296296297
1 0.9526354166666666 0.33611111111111114 0.019578125000000075 0.05376851851851856
0 0.5873020833333332 0.3413425925925926 0.044124999999999893 0.04093518518518522