1 0.61328125 0.5335648148148148 0.06380208333333333 0.12268518518518519
0 0.7944322916666666 0.4461851851851852 0.06671354166666674 0.1362870370370371
0 0.81640625 0.3860648148148148 0.04647916666666655 0.104712962962963
0 0.6393177083333333 0.36683333333333334 0.035291666666666784 0.06274074074074074
1 0.5014635416666666 0.44704629629629633 0.0390625 0.09564814814814816
0 0.5385729166666666 0.39084259259259263 0.04296875 0.08062037037037031
0 0.32690625 0.4995648148148148 0.057375000000000044 0.10487037037037036
1 0.38809375 0.5068981481481482 0.048635416666666605 0.09584259259259259
0 0.5859375 0.4090740740740741 0.04443229166666664 0.08995370370370369
0 0.822265625 0.34158333333333335 0.033203125 0.08170370370370371
1 0.7197291666666668 0.44313888888888886 0.06189062499999996 0.1551666666666667
0 0.9018541666666666 0.4674444444444445 0.07848958333333324 0.14029629629629634
1 0.76171875 0.5329907407407407 0.10302604166666664 0.17936111111111114
0 0.16341145833333334 0.5735 0.059895833333333336 0.1284722222222222
0 0.24544270833333334 0.6406296296296297 0.078125 0.20717592592592593
1 0.4352239583333333 0.43171296296296297 0.054036458333333336 0.1111111111111111
0 0.5862604166666666 0.35706481481481483 0.041015625 0.09143518518518519
0 0.876953125 0.3686388888888889 0.049479166666666664 0.08680555555555555
0 0.9401041666666666 0.38484259259259257 0.04296875 0.1284722222222222
0 0.7561875 0.33101851851851855 0.046223958333333336 0.0763888888888889
0 0.7001979166666668 0.3269722222222222 0.046223958333333336 0.09143518518518519
0 0.6572291666666668 0.33101851851851855 0.041015625 0.0787037037037037