1 0.71533203125 0.4392361111111111 0.06304931640625 0.1400824652777778
0 0.6513671875 0.3253038194444444 0.03125 0.061686197916666664
1 0.58837890625 0.4086371527777778 0.045013427734375 0.1134982638888889
1 0.1767578125 0.5846354166666666 0.0631103515625 0.1372612847222222
0 0.79345703125 0.4500868055555556 0.07464599609375 0.1408420138888889
0 0.8232421875 0.3400607638888889 0.041839599609375 0.0823025173611111
0 0.599609375 0.5321180555555556 0.08978271484375 0.1420355902777778
0 0.24365234375 0.6627604166666666 0.07891845703125 0.2510850694444444
1 0.7470703125 0.5412326388888888 0.10302734375 0.17371961805555555
0 0.337646484375 0.5 0.04876708984375 0.1072048611111111
1 0.880859375 0.3669704861111111 0.06622314453125 0.08751085069444445
0 0.93310546875 0.3908420138888889 0.058013916015625 0.11393229166666667
1 0.8154296875 0.3932291666666667 0.0411376953125 0.0832248263888889
1 0.5 0.4487847222222222 0.0413818359375 0.0968967013888889
0 0.59375 0.3548177083333333 0.04248046875 0.06510416666666667
1 0.90478515625 0.4717881944444444 0.08331298828125 0.12163628472222222
1 0.53955078125 0.3917100694444444 0.0384521484375 0.08512369791666667
0 0.6328125 0.365234375 0.036773681640625 0.08094618055555555
0 0.7001953125 0.3255208333333333 0.042388916015625 0.06635199652777778
0 0.76123046875 0.3444010416666667 0.049041748046875 0.10259331597222222
1 0.452880859375 0.4268663194444444 0.03460693359375 0.06450737847222222
0 0.389404296875 0.5108506944444444 0.0517578125 0.10899522569444445