0 0.6030019103247966 0.5378421152043698 0.09262997375802608 0.13909637942173197
0 0.71923828125 0.4403211805555556 0.060089111328125 0.1410590277777778
1 0.812388408577793 0.37235499456009036 0.04576547504654442 0.10552113397668743
0 0.9034541870446301 0.4644097222222223 0.07327961419198985 0.1315104166666667
0 0.8757142141449423 0.3700938926552595 0.064208984375 0.07568359375
0 0.759765625 0.3439670138888889 0.04345703125 0.099609375
0 0.5748673776736714 0.3434270366666888 0.03770472605046796 0.03217742402782196
0 0.5892099859088417 0.40568961265773323 0.0439005848229416 0.09252071837102205
0 0.5354584582753368 0.3901909722222222 0.04239485102745118 0.08338758680555555
0 0.4419177298344272 0.4468568217087584 0.04579100517489572 0.09255261911196126
0 0.244384765625 0.6194189037025237 0.07763671875 0.17199752962726927
0 0.7860109331909704 0.4327409994556974 0.08123741096180931 0.09139345724472815
0 0.9401555418951397 0.3886747002070271 0.04070942402222073 0.11491450458072092
1 0.4998907551548016 0.44891307408201303 0.03875732421875 0.09423828125
1 0.82470703125 0.3361545138888889 0.031982421875 0.07275390625
0 0.955078125 0.3522135416666667 0.01337432861328125 0.07112630208333333
1 0.7666015625 0.5525173611111112 0.09844970703125 0.1650390625
0 0.576171875 0.3626302083333333 0.040313720703125 0.0705837673611111
0 0.63720703125 0.3639322916666667 0.041473388671875 0.0759548611111111
0 0.65576171875 0.326171875 0.03271484375 0.060384114583333336
0 0.3896484375 0.5104166666666666 0.051177978515625 0.11328125
0 0.1754150390625 0.5863715277777778 0.06256103515625 0.1362847222222222
0 0.3330078125 0.4969618055555556 0.04949951171875 0.1044921875
0 0.70361328125 0.3289930555555556 0.037384033203125 0.059516059027777776
0 0.380615234375 0.5920138888888888 0.0723876953125 0.2717013888888889