0 0.23583333333333334 0.6021574074074074 0.09000000000000004 0.16283333333333325
0 0.15437499999999998 0.5745555555555555 0.07875000000000001 0.11725925925925935
1 0.6421718750000001 0.521537037037037 0.07895833333333328 0.13800925925925922
1 0.5021718749999999 0.4444351851851852 0.05404687499999999 0.10020370370370373
0 0.8930833333333333 0.5516574074074073 0.09753645833333333 0.15428703703703714
0 0.7819635416666666 0.5270185185185184 0.11259374999999991 0.15929629629629627
0 0.38671875 0.5065092592592593 0.04958854166666669 0.11642592592592593
0 0.4321302083333334 0.43250925925925926 0.047421874999999974 0.08539814814814817
0 0.7130885416666667 0.43719444444444444 0.058473958333333326 0.11983333333333329
1 0.7841979166666667 0.433962962962963 0.063671875 0.06381481481481478
0 0.8803697916666666 0.39084259259259263 0.05654687500000009 0.10547222222222219
1 0.9009166666666667 0.4573055555555555 0.07767708333333327 0.07899999999999995
0 0.32910416666666664 0.494824074074074 0.05624479166666667 0.10145370370370364
0 0.9385156250000001 0.38222222222222224 0.047864583333333384 0.11242592592592589
0 0.7476822916666667 0.37451851851851853 0.050338541666666715 0.10227777777777781
0 0.8850104166666667 0.3257129629629629 0.042177083333333344 0.05099074074074079
0 0.8052552083333333 0.3704351851851852 0.04916145833333327 0.06189814814814817
0 0.58984375 0.3430925925925926 0.03616145833333325 0.0393240740740741
1 0.8283489583333333 0.32552777777777775 0.04731250000000008 0.06387037037037038
0 0.6499010416666666 0.3689074074074074 0.04788020833333325 0.06886111111111111
1 0.5266927083333334 0.3827314814814815 0.04048958333333328 0.04405555555555559
0 0.701171875 0.3263888888888889 0.04077083333333344 0.06684259259259265
0 0.646484375 0.3268240740740741 0.035218749999999945 0.05422222222222217
1 0.7764322916666667 0.328 0.030265625000000067 0.052972222222222254
0 0.5834947916666666 0.3958333333333333 0.04510416666666662 0.08897222222222226