0 0.701171875 0.32551851851851854 0.03845312499999996 0.06309259259259258
0 0.6010729166666666 0.5321203703703704 0.08947916666666676 0.14105555555555555
0 0.7299791666666666 0.4353333333333333 0.06097395833333342 0.14257407407407405
0 0.8813489583333334 0.3808611111111111 0.05966145833333343 0.07872222222222221
0 0.158203125 0.5729166666666666 0.06347916666666667 0.1284722222222222
0 0.3315416666666666 0.4947962962962963 0.05154166666666669 0.10720370370370368
0 0.24450520833333333 0.6166018518518518 0.08093229166666666 0.1639814814814814
0 0.45190625 0.4305555555555556 0.04052604166666664 0.06813888888888892
0 0.5043958333333334 0.4437962962962963 0.04510416666666662 0.09830555555555552
0 0.5805677083333334 0.34467592592592594 0.044187500000000074 0.045092592592592635
0 0.9363072916666667 0.38689814814814816 0.04097916666666658 0.10575000000000004
0 0.7685572916666668 0.5377592592592593 0.09753645833333333 0.17165740740740734
0 0.8022447916666666 0.42174074074074075 0.07977083333333326 0.10498148148148154
0 0.638671875 0.36674999999999996 0.039854166666666656 0.07622222222222227
1 0.82484375 0.3511388888888889 0.05502083333333327 0.04716666666666672
0 0.9018541666666666 0.4661481481481481 0.07989583333333337 0.13031481481481477
0 0.38379166666666664 0.5173611111111112 0.05490104166666671 0.11599074074074073
0 0.5903333333333334 0.4101574074074074 0.04690624999999997 0.11262962962962962
0 0.8133177083333333 0.3236944444444444 0.02703125000000005 0.03866666666666666
1 0.510640625 0.38076851851851856 0.06728125000000003 0.05706481481481481
0 0.7631822916666666 0.3385462962962963 0.04001041666666675 0.09234259259259261
0 0.6567395833333334 0.3300740740740741 0.031557291666666744 0.06076851851851851