1 0.04287500000000001 0.6853333333333333 0.0836171875 0.1755694444444444
0 0.5844765625 0.6579861111111112 0.10125781249999992 0.18804166666666658
1 0.954296875 0.7181666666666667 0.08298437499999985 0.21433333333333324
1 0.8900703125 0.43111111111111106 0.06921874999999993 0.09334722222222228
0 0.7990859375 0.5750694444444444 0.07724218750000009 0.16836111111111116
0 0.7894765625 0.48394444444444445 0.07382031249999992 0.054625000000000055
0 0.7021484375 0.413625 0.03839062500000008 0.07780555555555553
1 0.741671875 0.43854166666666666 0.05070312500000007 0.13740277777777787
0 0.6489375 0.4619444444444445 0.04215625000000003 0.09162500000000004
0 0.6256328124999999 0.4050972222222222 0.04708593749999999 0.07356944444444448
0 0.9636093750000001 0.487625 0.060875000000000054 0.09830555555555552
0 0.11859375000000001 0.7408888888888889 0.10796874999999999 0.18673611111111119
0 0.69921875 0.57075 0.07989843749999999 0.20019444444444442
1 0.55615625 0.4474861111111111 0.044007812499999945 0.08718055555555553
0 0.2404765625 0.5829027777777778 0.09789843750000002 0.1415972222222223
0 0.47778124999999994 0.48480555555555555 0.05420312500000009 0.10427777777777783
1 0.9038125000000001 0.6054722222222222 0.12853906250000016 0.17936111111111108
0 0.37890625 0.5204027777777778 0.064515625 0.1205555555555555
0 0.8837890625 0.5195277777777778 0.07092187500000016 0.12413888888888888
0 0.55859375 0.5 0.05481250000000006 0.09722222222222222
0 0.309328125 0.6041666666666666 0.06131250000000001 0.14497222222222222
0 0.6225625 0.5078194444444445 0.05529687499999998 0.17838888888888896