1 0.301513671875 0.6176215277777778 0.07574462890625 0.15125868055555555
0 0.35009765625 0.5108506944444444 0.053192138671875 0.09868706597222222
1 0.5546875 0.4420572916666667 0.0535888671875 0.10221354166666667
0 0.5934907955977031 0.6702178457447749 0.09552001953125 0.1909722222222222
1 0.7210799475476779 0.39389724585695984 0.051095720139019106 0.16735178338058634
0 0.6490239570418728 0.46500072399339115 0.036424742166254555 0.09417245493122661
1 0.8030324641093134 0.4905485579163774 0.061842786625123124 0.07359928597164374
1 0.8872397565139576 0.49422751329371123 0.0815995885345849 0.08925797797631137
0 0.923828125 0.4592013888888889 0.058441162109375 0.09868706597222222
1 0.7983894136581023 0.5931298005346656 0.08693265121553821 0.16508823433773234
1 0.9720856735779403 0.5314457476325486 0.04353006885974438 0.17204948137620812
1 0.8901730057476527 0.5891723817953738 0.10352716383905544 0.1539307010907477
0 0.218017578125 0.5855034722222222 0.079345703125 0.1254340277777778
0 0.7080078125 0.5590277777777778 0.07904052734375 0.16417100694444445
0 0.623046875 0.4127604166666667 0.044769287109375 0.07725694444444445
1 0.12115478515625 0.7478298611111112 0.103759765625 0.1677517361111111
0 0.44580078125 0.5286458333333334 0.056549072265625 0.13313802083333334
0 0.037078857421875 0.6827256944444444 0.07415771484375 0.17740885416666666
1 0.90478515625 0.7335069444444444 0.1181640625 0.2119140625
0 0.5400390625 0.5095486111111112 0.048126220703125 0.08897569444444445
0 0.480224609375 0.4917534722222222 0.04345703125 0.09369574652777778
1 0.75830078125 0.4390190972222222 0.04132080078125 0.1416015625