0 0.573734375 0.6688333333333334 0.09600781250000008 0.19194444444444436
1 0.923828125 0.7178888888888889 0.11517187500000006 0.2554305555555556
1 0.79053125 0.5069444444444444 0.06792968750000003 0.1286944444444444
1 0.7080078125 0.5664027777777778 0.07055468749999996 0.15874999999999995
0 0.9692265624999999 0.5164305555555555 0.04830468749999994 0.1261666666666667
1 0.9018203124999999 0.6033055555555555 0.02733593749999983 0.1624305555555556
0 0.565484375 0.4467638888888889 0.04321874999999995 0.08841666666666662
0 0.6465078125 0.4514722222222222 0.03635937499999997 0.08926388888888886
0 0.041796875 0.6854166666666667 0.08359375 0.1736111111111111
1 0.3811015625 0.5212638888888889 0.05358593750000003 0.1212083333333333
0 0.2993203125 0.6111111111111112 0.07629687499999997 0.14702777777777779
0 0.21935937499999997 0.5850694444444444 0.07610937499999999 0.11902777777777784
0 0.8051796875000001 0.5829027777777778 0.09893749999999998 0.15929166666666658
0 0.8823281250000001 0.5121527777777778 0.07135156249999994 0.12749999999999995
0 0.48413281250000006 0.4869861111111111 0.046476562500000006 0.09798611111111105
0 0.1267109375 0.7526111111111111 0.10143750000000003 0.18251388888888892
1 0.736328125 0.453125 0.06267968750000001 0.1360694444444445
0 0.6962890625 0.41558333333333336 0.035554687499999994 0.0763888888888889
0 0.62890625 0.41080555555555553 0.03774999999999995 0.07031944444444443
0 0.54053125 0.5112916666666667 0.049226562499999994 0.08230555555555555