0 0.2437744140625 0.5828993055555556 0.09417724609375 0.1462673611111111
1 0.3607150409234987 0.5121701852638739 0.05389950799675258 0.11147144691663695
1 0.7440383806009634 0.4371872052119023 0.04909364895432287 0.1398909034793601
1 0.9316959016552845 0.5911561925506348 0.06195629316529398 0.17021850367443092
0 0.8747002104035424 0.5068987137357689 0.0575669247133348 0.11394933719375994
0 0.48345519599038533 0.4836166581158333 0.06224730604327071 0.09847246553722218
1 0.33085964383689365 0.6099345405619726 0.0762939453125 0.1630859375
0 0.8099367149493547 0.5804040169673788 0.0736723982672312 0.15418762578746434
1 0.9151318350655441 0.701756121770818 0.08329171175790506 0.25221589662592236
0 0.545105862174037 0.49972812927541665 0.04443359375 0.09922960069444445
0 0.8115774545556462 0.4736938129906177 0.04810819667197812 0.059692313481235555
1 0.5980470885168105 0.6421520851011795 0.09642376687737127 0.20180694090875204
0 0.04534912109375 0.6866319444444444 0.08538818359375 0.171875
0 0.9619140625 0.5308159722222222 0.060211181640625 0.1433376736111111
1 0.705078125 0.5616319444444444 0.0830078125 0.16796875
0 0.62646484375 0.3995225694444444 0.03582763671875 0.05495876736111111
0 0.1202392578125 0.7443576388888888 0.10577392578125 0.18446180555555555
1 0.8466796875 0.4049479166666667 0.045684814453125 0.1943359375
0 0.70166015625 0.4149305555555556 0.040008544921875 0.07725694444444445
0 0.640625 0.4644097222222222 0.04345703125 0.07942708333333333
1 0.91943359375 0.6098090277777778 0.1558837890625 0.0695529513888889