0 0.1224375 0.7412638888888889 0.10711718750000002 0.1975972222222222
0 0.2170390625 0.5850694444444444 0.08374218749999998 0.12684722222222228
0 0.376390625 0.5075694444444444 0.07815624999999997 0.10887499999999999
1 0.5577578125 0.44548611111111114 0.045882812500000016 0.07933333333333334
1 0.5859296875 0.38905555555555554 0.045859375000000036 0.10612499999999996
1 0.6278515625 0.39766666666666667 0.03408593750000009 0.056236111111111126
1 0.7441875 0.4452083333333334 0.04806249999999999 0.14640277777777774
0 0.88225 0.49643055555555554 0.06301562499999988 0.09040277777777782
1 0.8086640624999999 0.49065277777777777 0.06027343750000007 0.09273611111111109
1 0.958984375 0.5204027777777778 0.0686640624999999 0.15126388888888884
1 0.9301796875000001 0.7152777777777778 0.11596875000000004 0.22959722222222215
1 0.634765625 0.6388888888888888 0.08135937500000008 0.2159305555555556
0 0.644671875 0.4560416666666667 0.04535156249999996 0.09013888888888885
0 0.0439453125 0.6805555555555556 0.0850859375 0.16655555555555557
1 0.904296875 0.6015694444444445 0.08832031250000014 0.16894444444444442
0 0.47680468749999994 0.49393055555555554 0.05499218750000008 0.09690277777777775
0 0.697265625 0.5655416666666666 0.09185937499999994 0.15820833333333328
0 0.8022500000000001 0.5885416666666666 0.09387499999999997 0.171875
1 0.311765625 0.6063333333333334 0.07684375000000002 0.15212499999999995
0 0.54834375 0.5030416666666666 0.05941406249999996 0.09705555555555555
0 0.702640625 0.4164444444444444 0.03955468750000009 0.08122222222222225
0 0.608890625 0.5095555555555555 0.05889843750000008 0.21191666666666673