1 0.277587890625 0.6015625 0.06744384765625 0.13704427083333334
1 0.21847858822359809 0.5942925302671627 0.056280906915946186 0.14572481747876984
1 0.351806640625 0.5199652777777778 0.06463623046875 0.11707899305555555
0 0.644928868432264 0.4611629814879543 0.03561223383859691 0.1021219699203529
1 0.4918398888592314 0.4879909148848623 0.05194759998408784 0.10548486796416906
0 0.7042446725089315 0.4131060133732414 0.04008853584151204 0.07024414480203833
0 0.9644623951985463 0.5272877457423887 0.057769545540407564 0.13736629009588847
0 0.8052213165756404 0.48942047747403994 0.06698656606746915 0.09103713550363544
0 0.8962709299364529 0.5075619557356779 0.07417977057325906 0.10456586962191605
1 0.7478041582416225 0.4459137978844375 0.046566976485504875 0.1483380124355416
1 0.9299041617604866 0.7213580320596843 0.104922621426552 0.29891218655619073
0 0.6247831797817323 0.396996589795937 0.05281778101740766 0.05331452504073092
1 0.5372752526717517 0.49847684942607884 0.03891385012524662 0.09314510510215762
0 0.6916435431500761 0.5584049773520963 0.08161769885609775 0.15152771890691874
0 0.9033931567160132 0.444113271185688 0.06297783150554608 0.07372440635276625
0 0.5771484375 0.6740451388888888 0.0965576171875 0.16102430555555555
0 0.80322265625 0.5855034722222222 0.09619140625 0.16710069444444445
1 0.126708984375 0.7491319444444444 0.10302734375 0.1867404513888889
0 0.0402374267578125 0.6840277777777778 0.080474853515625 0.17469618055555555
0 0.55712890625 0.4420572916666667 0.044677734375 0.08289930555555555