0 0.9580078125 0.5225694444444444 0.07080468750000009 0.1423611111111111
1 0.7291640625 0.4131527777777778 0.04468750000000003 0.1610416666666667
1 0.1241171875 0.7387916666666666 0.11353125 0.18416666666666662
0 0.8828125 0.5099861111111111 0.06634375000000006 0.12358333333333336
0 0.822265625 0.47883333333333333 0.08239843749999994 0.07452777777777773
0 0.6899453125 0.5529583333333333 0.08832031249999997 0.15375000000000005
0 0.9165078125000001 0.7035555555555555 0.1145624999999999 0.2465277777777777
0 0.04501562499999999 0.6827222222222223 0.0863046875 0.16948611111111114
1 0.296390625 0.5963611111111111 0.06597656250000003 0.14181944444444447
1 0.796875 0.5811666666666666 0.09637500000000002 0.15787499999999993
1 0.228515625 0.5807361111111111 0.06853906250000001 0.1284722222222222
1 0.6938515625 0.41233333333333333 0.0341796875 0.07752777777777785
0 0.48584375 0.47656944444444443 0.051664062499999906 0.10524999999999997
0 0.35546875 0.5190972222222222 0.059968749999999994 0.11165277777777775
1 0.6254921875 0.40343055555555557 0.04967968749999994 0.07383333333333329
0 0.5600625 0.5043472222222222 0.03927343749999999 0.08751388888888888
1 0.5754374999999999 0.3682777777777778 0.05096093750000001 0.15055555555555553