0 0.328125 0.6071805555555556 0.07336718749999997 0.15523611111111107
0 0.6291640625 0.39855555555555555 0.04210156250000008 0.05980555555555564
1 0.578546875 0.4097361111111111 0.04536718749999995 0.1405416666666667
0 0.702640625 0.4129722222222222 0.037687500000000006 0.07622222222222222
1 0.7404921875 0.44811111111111107 0.051671875000000075 0.1530694444444445
1 0.7021328125 0.5694305555555556 0.08633593749999999 0.14836111111111103
1 0.8842109375 0.5945 0.10009374999999991 0.11477777777777776
0 0.9330624999999999 0.7102083333333333 0.09829687500000013 0.22802777777777786
1 0.8036875 0.4890833333333333 0.06889843750000005 0.08459722222222218
1 0.886328125 0.5078472222222222 0.06792968749999986 0.10459722222222215
0 0.3576640625 0.5143194444444444 0.06021093750000004 0.11284722222222222
1 0.23791406249999997 0.5894166666666667 0.11633593749999997 0.14312499999999995
0 0.79834375 0.5776944444444444 0.10339062499999993 0.1701388888888889
0 0.478515625 0.484375 0.05520312500000006 0.09776388888888887
0 0.9560546875 0.5264722222222222 0.07610937500000006 0.14463888888888887
0 0.044765624999999996 0.688375 0.0861796875 0.1740416666666666
0 0.5805703125 0.6649305555555556 0.10052343750000006 0.19270833333333334
0 0.5415078125 0.4991388888888889 0.04812499999999993 0.09813888888888884
0 0.6489296875 0.4743888888888889 0.044187499999999956 0.1222916666666666
0 0.1181640625 0.7400138888888889 0.10577343749999998 0.1973750000000001