1 0.3098125 0.6063333333333334 0.07824999999999997 0.15538888888888888
0 0.1253671875 0.7343194444444445 0.11212500000000003 0.16590277777777784
1 0.578609375 0.647375 0.09783593750000001 0.19698611111111108
0 0.9072265625 0.5889722222222222 0.06927343750000006 0.15983333333333338
1 0.9440312499999999 0.7047777777777777 0.08025781250000001 0.23736111111111108
0 0.9645078125 0.5186666666666666 0.06153125000000017 0.13254166666666659
0 0.8188984375 0.4923888888888889 0.048945312500000074 0.11184722222222218
0 0.8851796875 0.5007083333333333 0.06179687499999993 0.09897222222222221
1 0.8014765625000001 0.3814583333333333 0.03660156249999993 0.10225000000000001
1 0.680125 0.43522222222222223 0.05089062500000008 0.16384722222222226
1 0.634765625 0.40690277777777784 0.049226562499999994 0.07356944444444448
0 0.8032265625000001 0.5829027777777778 0.09399218749999996 0.16481944444444438
0 0.5600625 0.5043472222222222 0.03918750000000006 0.08290277777777785
0 0.6899453125 0.5677083333333334 0.08771093749999999 0.15018055555555554
0 0.219484375 0.5798611111111112 0.08758593750000002 0.12456944444444452
1 0.5835 0.38325 0.05889843750000008 0.1507222222222222
0 0.359375 0.5186666666666666 0.056546874999999996 0.11426388888888886
0 0.043609375 0.6835972222222222 0.08465625 0.17133333333333337
1 0.7431640625 0.45269444444444445 0.055601562500000055 0.16590277777777784
0 0.47875781249999994 0.4826388888888889 0.057375000000000044 0.0965138888888889
1 0.83984375 0.4114583333333333 0.03760156250000009 0.16948611111111106