1 0.5981484375 0.6600138888888889 0.1103515625 0.18115277777777772
0 0.12274218750000002 0.7421944444444445 0.10559374999999997 0.1919444444444445
1 0.3264140625 0.6024305555555556 0.08832031249999997 0.16481944444444438
0 0.362796875 0.5165 0.05520312499999998 0.1149027777777778
1 0.9191015625000001 0.7086111111111111 0.11540624999999985 0.23599999999999993
0 0.9603359375 0.5287916666666667 0.069140625 0.12963888888888894
1 0.912921875 0.5745555555555556 0.08352343749999988 0.1344444444444444
0 0.9096093749999999 0.44819444444444445 0.05370312499999983 0.10201388888888895
1 0.8728203125 0.514375 0.05062500000000014 0.11609722222222227
0 0.8096015624999999 0.47847222222222224 0.054625000000000055 0.07619444444444447
1 0.747359375 0.4393333333333333 0.05247656250000006 0.1409305555555556
1 0.80965625 0.5893611111111111 0.08882031250000004 0.15840277777777773
1 0.632328125 0.40018055555555554 0.031203125000000043 0.04368055555555562
0 0.63884375 0.4594722222222222 0.045679687500000024 0.0856111111111111
1 0.70459375 0.5533888888888889 0.08270312499999992 0.1670972222222223
0 0.0421875 0.6840277777777778 0.084375 0.17083333333333334
0 0.2497578125 0.5785555555555556 0.08947656249999998 0.14008333333333337
0 0.54296875 0.5026111111111111 0.04525781250000005 0.09830555555555552
0 0.47778124999999994 0.4861111111111111 0.05593749999999993 0.0954861111111111
0 0.69921875 0.41580555555555554 0.04443750000000009 0.08523611111111112