0 0.5920546875 0.6575416666666668 0.0985312500000001 0.16673611111111114
1 0.562296875 0.43659722222222225 0.04739062500000006 0.09130555555555557
0 0.12553125 0.7335833333333333 0.1033671875 0.17094444444444443
0 0.042710937500000004 0.6866388888888889 0.08542187500000001 0.17338888888888884
0 0.47803125 0.48394444444444445 0.05450781249999999 0.10106944444444442
0 0.542484375 0.5004305555555556 0.05127343749999991 0.09813888888888884
0 0.6516484375 0.4603611111111111 0.04690624999999997 0.09423611111111115
0 0.801203125 0.5759444444444445 0.09004687500000008 0.16990277777777785
0 0.8129062499999999 0.4882083333333333 0.06200000000000001 0.09001388888888881
1 0.74446875 0.4475277777777778 0.05116406250000001 0.15027777777777784
1 0.8882578125 0.49940277777777775 0.0573125000000001 0.09083333333333331
0 0.9609375 0.5247361111111111 0.06524999999999999 0.14995833333333336
1 0.8997109375000001 0.44372222222222224 0.08649999999999984 0.06251388888888888
0 0.9184609375000001 0.6028611111111111 0.09283593749999994 0.18033333333333337
0 0.9529140625 0.7199444444444445 0.0813593749999999 0.2306944444444444
0 0.7006875 0.5664027777777778 0.07892187499999999 0.18706944444444437
0 0.3564453125 0.5169305555555556 0.059328125000000044 0.11447222222222217
0 0.6318359375 0.40776388888888887 0.044921875 0.07313888888888885
0 0.307375 0.6059027777777778 0.06075781249999999 0.14084722222222218
0 0.21985156250000001 0.5889722222222222 0.08123437500000001 0.1395416666666667
0 0.702640625 0.4127638888888889 0.03774999999999995 0.07752777777777785