0 0.22241210937499994 0.5759503837130167 0.06396484375 0.13216145833333334
0 0.69482421875 0.5590277777777778 0.090576171875 0.16048177083333334
1 0.7445832237578026 0.4436054088593401 0.04879741967189481 0.1482785260520136
1 0.5581009072724232 0.42241043870198336 0.03632504092390345 0.05315421073729994
1 0.6159507978452666 0.4844387167570936 0.07479608163739133 0.24774028073640975
1 0.6455260584103069 0.39874425323596435 0.028955207398136194 0.060563593277484215
0 0.8040577452286914 0.49321768585638526 0.06858128688636737 0.0913615869905483
1 0.9239695985213086 0.5771558514649868 0.10048609592613289 0.1004619782834038
1 0.9250100217073829 0.7212557531229307 0.12288034721023422 0.23478884097636102
0 0.9635340642040389 0.5043896435220196 0.06475316065442235 0.09178709954403941
1 0.1265869140625 0.7486979166666666 0.10394287109375 0.18348524305555555
0 0.89013671875 0.5160590277777778 0.06805419921875 0.13248697916666666
1 0.28564453125 0.6085069444444444 0.08270263671875 0.1431206597222222
0 0.80126953125 0.5846354166666666 0.09930419921875 0.1694878472222222
0 0.044677734375 0.6861979166666666 0.0849609375 0.1701388888888889
1 0.36181640625 0.5203993055555556 0.06793212890625 0.13487413194444445
0 0.474365234375 0.4835069444444444 0.054290771484375 0.10546875
0 0.5771484375 0.6736111111111112 0.09979248046875 0.1890190972222222
0 0.5458984375 0.4978298611111111 0.04302978515625 0.09868706597222222
1 0.69677734375 0.4216579861111111 0.0472412109375 0.08881293402777778