0 0.5610390625 0.5052083333333334 0.03918750000000006 0.08230555555555555
1 0.5941640625 0.64775 0.09225781249999994 0.18199999999999994
0 0.6884765625 0.5710694444444445 0.07964843750000003 0.14269444444444446
1 0.9079453125000001 0.5874861111111112 0.06677343749999984 0.15795833333333337
0 0.8007421875 0.5873333333333334 0.08707812500000003 0.16094444444444445
1 0.9528203124999999 0.706125 0.06811718750000004 0.23466666666666663
0 0.8776093749999999 0.5060972222222222 0.05923437500000013 0.1060416666666667
0 0.9601015625 0.5237361111111111 0.06569531250000012 0.13513888888888884
1 0.8231484375000001 0.39216666666666666 0.033624999999999974 0.12636111111111115
1 0.7442421875 0.4364722222222222 0.05576562499999991 0.13033333333333338
0 0.2200703125 0.5847361111111111 0.07253125000000002 0.13213888888888886
1 0.7962890625 0.39394444444444443 0.019507812499999933 0.12712499999999996
1 0.6270781249999999 0.3513194444444444 0.05807031249999994 0.10206944444444446
0 0.8142890625 0.4965277777777778 0.05547656250000008 0.10665277777777772
0 0.3615703125 0.5190972222222222 0.05877343750000001 0.11187499999999993
0 0.04553125 0.6905416666666666 0.08526562499999998 0.17773611111111107
0 0.1378203125 0.7256944444444444 0.086 0.1857638888888889
1 0.296140625 0.6024305555555556 0.08709375000000001 0.1518055555555555
0 0.47827343750000006 0.48480555555555555 0.058015624999999994 0.0975972222222222
1 0.6356640625 0.4512361111111111 0.049125000000000085 0.0968194444444445