1 0.706421875 0.5659027777777778 0.07621874999999996 0.16791666666666663
0 0.037992187499999996 0.6888055555555557 0.0720234375 0.17502777777777784
0 0.2309609375 0.5851527777777777 0.07684375000000002 0.13411111111111118
1 0.127859375 0.7278888888888889 0.1093125 0.16762500000000008
0 0.579296875 0.6837638888888888 0.10277343749999997 0.1667916666666667
1 0.29553124999999997 0.6072916666666667 0.06909375000000004 0.15227777777777776
0 0.8862343750000001 0.5151944444444444 0.07043749999999989 0.1212083333333333
1 0.8037265625 0.5847222222222223 0.08660937500000002 0.1662361111111112
1 0.74321875 0.42466666666666664 0.05464062500000004 0.1082083333333333
0 0.632328125 0.40906944444444443 0.044921875 0.07112500000000005
0 0.47680468749999994 0.48568055555555556 0.05697656250000005 0.10069444444444445
1 0.3566875 0.515625 0.06817968749999999 0.11773611111111108
0 0.9599609375 0.5264722222222222 0.06439062500000006 0.11534722222222216
0 0.5556640625 0.453125 0.04751562499999995 0.10220833333333337
0 0.5419921875 0.5004305555555556 0.04458593749999995 0.09998611111111112
0 0.642578125 0.47352777777777777 0.044679687500000044 0.0963611111111111
0 0.7041015625 0.4236111111111111 0.038820312500000044 0.08686111111111106