0 0.7039765625000001 0.5510972222222222 0.05833593750000006 0.15319444444444438
1 0.6311093750000001 0.40018055555555554 0.041343750000000054 0.05695833333333332
1 0.743453125 0.4346527777777778 0.05080468749999998 0.13211111111111112
0 0.6475625 0.46422222222222226 0.04050781249999993 0.08804166666666664
0 0.5392578125 0.5098333333333334 0.044367187499999974 0.09058333333333338
1 0.7021484375 0.41558333333333336 0.03970312499999995 0.07329166666666664
1 0.80221875 0.639986111111111 0.10085937499999993 0.30376388888888883
0 0.9213828124999999 0.5698611111111112 0.04704687499999984 0.08865277777777783
1 0.9389843750000001 0.7238194444444445 0.08247656250000013 0.2435555555555555
0 0.8805 0.5145555555555555 0.051125000000000045 0.11127777777777778
0 0.9670937500000001 0.5182916666666667 0.05232812500000002 0.1266527777777777
0 0.22265625 0.5868055555555556 0.0830078125 0.13216666666666663
1 0.35425 0.5217083333333333 0.07043749999999997 0.10758333333333338
0 0.30078125 0.6115416666666667 0.07330468750000003 0.15050000000000002
1 0.1265859375 0.7486944444444443 0.1024765625 0.18251388888888892
0 0.5629921875 0.4496527777777778 0.04553124999999998 0.0893055555555555
0 0.042328125 0.6849027777777777 0.08465625 0.1725277777777778
1 0.6689453125 0.6935833333333333 0.11010937500000004 0.17719444444444443
0 0.48022656250000006 0.48394444444444445 0.05646093749999999 0.1018333333333334
0 0.910796875 0.45022222222222225 0.04054687500000007 0.09293055555555552