0 0.044859375 0.6870694444444444 0.0850859375 0.17133333333333337
0 0.23025 0.5804444444444444 0.05449999999999999 0.12888888888888883
1 0.28784375 0.6098055555555556 0.07409375000000003 0.14084722222222218
0 0.694828125 0.5646666666666667 0.08868749999999999 0.14497222222222222
0 0.9116250000000001 0.601125 0.07434374999999989 0.15983333333333338
1 0.933870918771019 0.7134269105319122 0.10309409995796201 0.23459062338061984
1 0.8871953124999999 0.5005138888888889 0.06821093749999996 0.09955555555555565
0 0.8016441893437115 0.5897875950486619 0.09753125000000003 0.16134722222222217
0 0.5890861073500352 0.6636081108320222 0.10983941157655223 0.16381772898889027
0 0.5589726219992885 0.42498227441844344 0.04480500014204782 0.07007088564244239
1 0.7487651081147305 0.4384450330443597 0.0468118247861641 0.12764961469983058
0 0.8987300703066452 0.43881451691623474 0.06451536073019 0.06477638626302516
0 0.8016129931968866 0.48373722351322324 0.06797762688747708 0.07717496785977984
0 0.479736328125 0.4856770833333333 0.0537109375 0.09722222222222222
0 0.96240234375 0.52734375 0.06500244140625 0.15342881944444445
0 0.1258544921875 0.7374131944444444 0.1014404296875 0.19129774305555555
0 0.541015625 0.5004340277777778 0.046112060546875 0.09798177083333333
0 0.367919921875 0.5234375 0.082275390625 0.1303168402777778
0 0.63818359375 0.4574652777777778 0.039703369140625 0.0886501736111111
0 0.623046875 0.3958333333333333 0.037261962890625 0.05221896701388889