0 0.1190185546875 0.7534722222222222 0.10931396484375 0.20301649305555555
1 0.2290868118259369 0.5771775006598544 0.07041727599562372 0.13742791798637546
1 0.7456836536360266 0.44061241310654403 0.050807985696696714 0.14001388871308823
0 0.7022790334959629 0.4151107251523746 0.04634273496067589 0.07338551280474945
0 0.9000387546854057 0.4453656742465949 0.06632234853738125 0.0672798151334757
0 0.9714867009757772 0.5116023762471457 0.04707786757969572 0.10903374554984692
1 0.9513764914031089 0.7404619442265138 0.07533539610003218 0.22285215321363908
0 0.5657923624631989 0.4463819020873696 0.04779759929235219 0.09926093540859411
0 0.57421875 0.6705729166666666 0.09466552734375 0.1691623263888889
0 0.3515625 0.5234375 0.06890869140625 0.11040581597222222
0 0.038543701171875 0.6822916666666666 0.0762939453125 0.1743706597222222
0 0.69580078125 0.5655381944444444 0.09136962890625 0.1440972222222222
0 0.479736328125 0.4891493055555556 0.050048828125 0.09705946180555555
0 0.623046875 0.4032118055555556 0.037261962890625 0.06461588541666667
0 0.54296875 0.5008680555555556 0.05059814453125 0.09760199652777778
0 0.80078125 0.5842013888888888 0.10052490234375 0.17100694444444445
0 0.642578125 0.4613715277777778 0.042633056640625 0.09922960069444445
0 0.87353515625 0.5134548611111112 0.07861328125 0.11414930555555555
0 0.29833984375 0.6128472222222222 0.07183837890625 0.1418185763888889