1 0.120849609375 0.7504340277777778 0.10577392578125 0.1994357638888889
0 0.35791015625 0.5177951388888888 0.0723876953125 0.1274956597222222
0 0.8109336732787268 0.4875510101712738 0.06282503625504639 0.08718969395365864
1 0.88037109375 0.5151909722222222 0.0704345703125 0.12315538194444445
1 0.6113863510493793 0.6519523411311922 0.08832348930749134 0.1893678871820602
1 0.7426042365336978 0.44821314375659527 0.05190090193260453 0.15640892640207937
1 0.6322269002576073 0.3989298803035676 0.04938897292228539 0.046503423801579576
1 0.9321147623527957 0.6001016890438226 0.0798012370131584 0.15614955864320054
1 0.9002408953976712 0.7141135101712739 0.11535072873590764 0.21707250645365894
0 0.219482421875 0.5811631944444444 0.08416748046875 0.12141927083333333
0 0.9609375 0.51953125 0.06427001953125 0.13509114583333334
0 0.043609619140625 0.6875 0.08538818359375 0.1706814236111111
0 0.308837890625 0.609375 0.06622314453125 0.13270399305555555
1 0.69775390625 0.5568576388888888 0.0849609375 0.18250868055555555
0 0.478515625 0.4839409722222222 0.05108642578125 0.0925021701388889
1 0.5498046875 0.4952256944444444 0.05023193359375 0.10389539930555555
1 0.80810546875 0.5933159722222222 0.08062744140625 0.16015625
0 0.70263671875 0.4136284722222222 0.040771484375 0.07470703125
0 0.63916015625 0.4596354166666667 0.044342041015625 0.09185112847222222
1 0.56689453125 0.3741319444444444 0.038330078125 0.1584201388888889