1 0.039554687500000005 0.688375 0.077515625 0.17437499999999995
0 0.5805703125 0.6510416666666666 0.0966796875 0.17969444444444452
0 0.9072265625 0.5774166666666667 0.06475000000000009 0.15351388888888884
1 0.93315625 0.7082222222222222 0.10055468750000003 0.24109722222222227
0 0.8045546874999999 0.5905277777777778 0.09333593749999994 0.15879166666666672
1 0.7995234375 0.48434722222222226 0.05220312499999995 0.09200000000000001
1 0.9682656250000001 0.5199722222222222 0.05550781250000014 0.13172222222222227
1 0.87890625 0.5047777777777778 0.061765624999999956 0.12184722222222225
1 0.7456640625000001 0.4396805555555555 0.05017187500000002 0.13501388888888893
0 0.7006875 0.41709722222222223 0.04092187500000009 0.08230555555555555
1 0.6412265625 0.4584166666666667 0.04240624999999998 0.09422222222222226
1 0.62853125 0.3977916666666667 0.03459374999999998 0.04877777777777778
1 0.5892265625 0.38388888888888884 0.03566406250000007 0.0819166666666667
1 0.564171875 0.4427916666666667 0.04475781249999997 0.07677777777777774
0 0.6997109375 0.5655416666666666 0.08648437500000003 0.15234722222222213
0 0.3068828125 0.6054722222222222 0.06008593749999998 0.13172222222222227
0 0.55078125 0.49783333333333335 0.05550781249999996 0.09830555555555552
0 0.370609375 0.5169305555555556 0.06408593749999998 0.13390277777777773
0 0.21496875000000001 0.5850694444444444 0.08526562499999998 0.14051388888888883
0 0.11859375000000001 0.7495694444444445 0.10577343749999998 0.19238888888888886
0 0.4775390625 0.48654166666666665 0.05511718749999996 0.09233333333333336