1 0.11554687500000001 0.7533333333333333 0.11851562499999999 0.2022916666666667
0 0.20894531249999998 0.5925694444444444 0.09064062499999999 0.14208333333333328
1 0.3721875 0.5185138888888888 0.07457812500000002 0.12005555555555547
0 0.48142968750000004 0.4772083333333333 0.07944531250000005 0.1077777777777778
0 0.5608203125 0.44172222222222224 0.04910156249999993 0.08090277777777778
0 0.6929921875 0.4093194444444444 0.043960937499999984 0.06756944444444442
0 0.5368828125 0.5021527777777778 0.06504687499999999 0.11143055555555557
1 0.743234375 0.42123611111111114 0.048453124999999986 0.10331944444444442
0 0.70153125 0.5579027777777777 0.08078125000000007 0.16034722222222228
1 0.813578125 0.5968611111111112 0.11353125000000004 0.16105555555555562
0 0.900984375 0.6070277777777778 0.07880468749999991 0.14294444444444437
1 0.9443671874999999 0.7278194444444444 0.09896093750000005 0.24456944444444442
0 0.58365625 0.6705694444444444 0.12062500000000007 0.17686111111111116
1 0.97171875 0.5160555555555556 0.04537499999999994 0.15570833333333337
0 0.038906249999999996 0.6857638888888888 0.0753203125 0.1818611111111112
0 0.78359375 0.5009305555555555 0.07760156249999994 0.12037499999999994
0 0.9080703124999999 0.4476805555555555 0.0546875 0.11759722222222216
0 0.2998046875 0.6069722222222222 0.08844531250000003 0.15601388888888895
0 0.6194453125 0.40213888888888893 0.045242187500000065 0.05527777777777772
0 0.8861953124999999 0.49954166666666666 0.0578125 0.10462500000000005