0 0.3675234375 0.5111527777777778 0.06062500000000002 0.10987500000000001
0 0.5386484375 0.49837499999999996 0.053773437499999945 0.10211111111111108
0 0.58728125 0.6637777777777778 0.09663281250000004 0.194625
0 0.47803125 0.4843194444444444 0.06149218750000003 0.09397222222222218
0 0.7068749999999999 0.5544166666666667 0.07995312499999993 0.14270833333333333
1 0.901828125 0.6036666666666667 0.0770390625000001 0.15834722222222222
1 0.8842656249999999 0.4882916666666667 0.06214062499999997 0.08981944444444438
1 0.12061718749999999 0.750263888888889 0.10788281250000002 0.19393055555555563
1 0.7766328125000002 0.5060555555555556 0.06152343750000009 0.10920833333333332
1 0.9447265625 0.7120694444444445 0.08028906249999998 0.23734722222222213
0 0.644203125 0.45759722222222227 0.048273437499999974 0.08797222222222227
1 0.8194609375 0.575875 0.09727343750000009 0.1433888888888889
0 0.5630703125000001 0.44104166666666667 0.04825781249999998 0.08491666666666665
1 0.20533593749999998 0.5708333333333333 0.09962499999999999 0.11365277777777784
0 0.033125 0.6890694444444444 0.0652734375 0.16848611111111103
0 0.906625 0.4424444444444445 0.03825000000000003 0.07005555555555547
1 0.687296875 0.4114166666666667 0.03660156249999993 0.07194444444444438
1 0.7392734375 0.41616666666666663 0.05428125000000002 0.09174999999999993
1 0.6263046875 0.3990694444444444 0.03177343750000006 0.07777777777777778
0 0.30364843750000003 0.6055555555555555 0.08228906250000004 0.15740277777777784