1 0.11554687500000001 0.7533333333333333 0.11851562499999999 0.2022916666666667
1 0.20217187499999997 0.5995138888888889 0.07710156250000003 0.1281944444444444
1 0.2998046875 0.6069722222222222 0.08844531250000003 0.15601388888888895
1 0.3721875 0.5185138888888888 0.07457812500000002 0.12005555555555547
0 0.48949999999999994 0.48044444444444445 0.06329687499999999 0.11426388888888886
0 0.639546875 0.464125 0.055671874999999996 0.09023611111111116
0 0.5586249999999999 0.44606944444444446 0.053492187500000024 0.08958333333333333
1 0.6873750000000001 0.4132222222222222 0.05519531250000007 0.07538888888888885
0 0.5384453125 0.5026111111111111 0.061921874999999994 0.11236111111111108
0 0.6192109375 0.4086111111111111 0.05489843749999999 0.07518055555555556
1 0.7368828125 0.4251388888888889 0.061148437499999986 0.11113888888888887
0 0.70153125 0.5579027777777777 0.08078125000000007 0.16034722222222228
1 0.8068046875 0.5977916666666667 0.09999218749999991 0.15920833333333334
1 0.947890625 0.5875833333333333 0.07392187499999991 0.11513888888888886
1 0.9343515625000001 0.7160972222222223 0.07503124999999997 0.2263333333333334
0 0.58365625 0.6705694444444444 0.12062500000000007 0.17686111111111116
0 0.97171875 0.5160555555555556 0.04537499999999994 0.15570833333333337
1 0.44337499999999996 0.5357361111111112 0.06071875000000002 0.16380555555555562
0 0.038906249999999996 0.6857638888888888 0.0753203125 0.1818611111111112
1 0.7736953124999999 0.5111111111111111 0.0734374999999999 0.1