1 0.8042421875000001 0.5716388888888889 0.08498437500000007 0.1471805555555556
0 0.6991562499999999 0.5601527777777778 0.09429687500000003 0.16279166666666672
1 0.8124609375 0.48204166666666665 0.060257812500000084 0.0777083333333334
1 0.917015625 0.6017638888888889 0.1012812499999999 0.1686944444444445
1 0.7471484375 0.44027777777777777 0.05098437499999999 0.13913888888888898
0 0.8824921874999999 0.5023472222222222 0.06631250000000008 0.10190277777777779
1 0.9592421874999999 0.5245833333333333 0.06850781250000004 0.1181805555555556
1 0.6984921875000001 0.41350000000000003 0.04342968749999994 0.07820833333333325
0 0.6255468750000001 0.40369444444444447 0.04592968749999997 0.06372222222222222
1 0.56096875 0.39602777777777776 0.061851562500000054 0.11191666666666668
0 0.2185078125 0.5894166666666667 0.08526562499999998 0.1368333333333333
0 0.11963281249999999 0.7400138888888889 0.10394531250000001 0.18673611111111119
0 0.544921875 0.49956944444444445 0.05499218750000008 0.0975972222222222
0 0.043609375000000006 0.6901111111111111 0.083859375 0.17719444444444443
0 0.4755859375 0.49045833333333333 0.05697656250000005 0.09352777777777782
0 0.3044453125 0.6059027777777778 0.06549218750000003 0.13270833333333326
1 0.884765625 0.7283055555555555 0.13550000000000004 0.21376388888888892
0 0.3630390625 0.5190972222222222 0.06164843749999997 0.11990277777777783
1 0.5825234375 0.6445277777777778 0.08832031249999997 0.19000000000000009
0 0.6372109375 0.48004166666666664 0.05108593750000008 0.1350972222222222
1 0.5906953125000001 0.3518055555555556 0.04018750000000004 0.052819444444444405