0 0.04296875 0.6866388888888889 0.08343750000000001 0.17556944444444447
1 0.2119140625 0.5876805555555555 0.08385937500000003 0.1378055555555556
1 0.9594765625000001 0.5299444444444444 0.06744531249999994 0.13911111111111107
0 0.9195703125 0.5711527777777778 0.09029687499999994 0.12809722222222225
1 0.9161718750000001 0.7024305555555556 0.10546875 0.2338611111111112
0 0.8832265625 0.49375 0.06314843749999995 0.08829166666666674
1 0.7462421875 0.4429861111111111 0.05091406250000006 0.14248611111111115
0 0.6311718749999999 0.3964027777777778 0.038000000000000075 0.050944444444444376
1 0.7998671875000001 0.4824166666666666 0.08508593750000007 0.08718055555555553
1 0.6994921875 0.41258333333333336 0.04599218749999991 0.07659722222222219
1 0.5789296875 0.6527222222222222 0.09619531250000009 0.20084722222222223
1 0.540828125 0.5014166666666666 0.05252343750000001 0.10373611111111118
0 0.8061562500000001 0.5881111111111111 0.09704687499999994 0.1670972222222223
1 0.5870625 0.38931944444444444 0.040414062500000014 0.09668055555555558
1 0.48268750000000005 0.48493055555555553 0.05358593749999994 0.09352777777777782
0 0.119953125 0.7378611111111111 0.101703125 0.16712499999999997
0 0.7021484375 0.5568611111111111 0.09320312499999997 0.16481944444444438
0 0.3044453125 0.6124166666666666 0.06560937500000001 0.1360694444444445
0 0.3657265625 0.5177916666666667 0.05813281249999998 0.11902777777777784
1 0.640625 0.4557361111111111 0.04351562500000004 0.09852777777777785
0 0.564453125 0.4479166666666667 0.04671874999999996 0.09184722222222222