0 0.2315673828125 0.5824652777777778 0.06903076171875 0.12565104166666666
1 0.87841796875 0.5047743055555556 0.059661865234375 0.12630208333333334
1 0.8053246805842779 0.38677657100142493 0.02985356851894423 0.11122675311396107
1 0.8045345988881174 0.5721760742640478 0.07681211769810944 0.15531134991698442
1 0.8135181457471663 0.46845043437985745 0.06043319092754231 0.06374548681527048
1 0.835541549220331 0.3833721653505684 0.03732144257496302 0.11841533764558124
0 0.045257568359375 0.6840277777777778 0.085693359375 0.1713324652777778
0 0.3603515625 0.5230034722222222 0.07208251953125 0.11040581597222222
0 0.95703125 0.5286458333333334 0.0726318359375 0.1472439236111111
1 0.9443359375 0.7083333333333334 0.09039306640625 0.23111979166666666
0 0.68701171875 0.5655381944444444 0.08123779296875 0.14756944444444445
0 0.9111328125 0.6015625 0.08154296875 0.15125868055555555
1 0.62744140625 0.4038628472222222 0.0509033203125 0.07259114583333333
0 0.1292724609375 0.7591145833333334 0.0987548828125 0.20789930555555555
0 0.5 0.4791666666666667 0.049407958984375 0.099609375
1 0.308837890625 0.6080729166666666 0.08050537109375 0.1584201388888889
0 0.5546875 0.5052083333333334 0.045440673828125 0.08637152777777778
1 0.74072265625 0.4290364583333333 0.048309326171875 0.0788302951388889
1 0.56884765625 0.3828125 0.035552978515625 0.1762152777777778