0 0.35215625 0.520875 0.06218750000000002 0.0867222222222223
0 0.5386484375 0.49837499999999996 0.053773437499999945 0.10211111111111108
1 0.58728125 0.6637777777777778 0.09663281250000004 0.194625
0 0.47803125 0.4843194444444444 0.06149218750000003 0.09397222222222218
0 0.7068749999999999 0.5544166666666667 0.07995312499999993 0.14270833333333333
1 0.901828125 0.6036666666666667 0.0770390625000001 0.15834722222222222
1 0.8884296875000001 0.49245833333333333 0.07776562499999998 0.1111111111111111
1 0.12061718749999999 0.750263888888889 0.10788281250000002 0.19393055555555563
1 0.801109375 0.5106805555555556 0.0615234375 0.10920833333333332
1 0.943953125 0.6995694444444445 0.06935156249999999 0.238263888888889
0 0.644203125 0.45759722222222227 0.048273437499999974 0.08797222222222227
1 0.7983671875 0.5777222222222222 0.09987499999999994 0.1396805555555556
0 0.5630703125000001 0.44104166666666667 0.04825781249999998 0.08491666666666665
1 0.21528125 0.5842638888888889 0.07557031250000001 0.11459722222222221
0 0.033382812500000004 0.6839722222222222 0.065796875 0.17866666666666664
0 0.9235546875 0.45911111111111114 0.052312500000000026 0.09043055555555557
1 0.687296875 0.4114166666666667 0.03660156249999993 0.07194444444444438
1 0.7525546875 0.42636111111111114 0.04646875000000002 0.10841666666666659
0 0.963015625 0.5217638888888889 0.06457812499999989 0.12684722222222228
0 0.4372421875 0.5310138888888889 0.07135156249999994 0.13055555555555556