0 0.47412109375 0.4874131944444444 0.05511474609375 0.09407552083333333
1 0.5596316700188098 0.4452446900861839 0.044890712696755486 0.07918295656125689
1 0.7441487656115013 0.4426107759840804 0.05052082815199732 0.14769985057927199
1 0.636905603411941 0.3966418940180151 0.041969165808256825 0.05858326720269689
1 0.9397217884370207 0.5865771806852805 0.082653591094709 0.14049377109278316
1 0.7844292888585065 0.5889126868372383 0.1000475425607629 0.14964858465885666
1 0.9595449352358226 0.507112034873568 0.0702900123408547 0.10081261141380256
1 0.8145254039858226 0.49493431196696336 0.06845895765335479 0.09891810310059333
1 0.9581017324648153 0.7226405535098921 0.07388486069345213 0.2592021800948652
0 0.217529296875 0.5872395833333334 0.08416748046875 0.13216145833333334
0 0.042388916015625 0.6848958333333334 0.08477783203125 0.1740451388888889
1 0.58056640625 0.3943142361111111 0.051177978515625 0.11512586805555555
0 0.11993408203125 0.7452256944444444 0.10858154296875 0.2025824652777778
0 0.875 0.5147569444444444 0.0782470703125 0.12141927083333333
1 0.697265625 0.56640625 0.09173583984375 0.15907118055555555
0 0.7001953125 0.4134114583333333 0.038177490234375 0.07313368055555555
0 0.367431640625 0.5260416666666666 0.05718994140625 0.10801866319444445
0 0.300537109375 0.6063368055555556 0.06475830078125 0.1362847222222222
1 0.630859375 0.6401909722222222 0.09552001953125 0.20084635416666666
0 0.53369140625 0.5082465277777778 0.06109619140625 0.10237630208333333
0 0.6416015625 0.4596354166666667 0.044921875 0.0896267361111111