0 0.3056640625 0.6041666666666666 0.05975000000000001 0.1350972222222222
1 0.8833046875000001 0.5125833333333334 0.07104687500000004 0.1214166666666666
1 0.9008203124999999 0.5715138888888889 0.0651250000000001 0.12588888888888888
1 0.931078125 0.7075416666666666 0.09004687500000016 0.24529166666666669
1 0.7881640624999999 0.4880694444444445 0.07614062499999993 0.07737500000000005
1 0.7041015625 0.5499166666666666 0.08331250000000008 0.17101388888888888
0 0.634765625 0.4574722222222222 0.05728124999999995 0.09304166666666668
1 0.7467734375 0.42915277777777777 0.04841406250000002 0.11493055555555555
0 0.622234375 0.4030694444444444 0.04142968749999998 0.06195833333333335
1 0.58915625 0.3684027777777778 0.04103906249999998 0.08662500000000001
1 0.5631484375 0.43952777777777774 0.04215625000000003 0.07312499999999997
0 0.550296875 0.5013055555555556 0.05441406250000007 0.09440277777777782
1 0.6962890625 0.41709722222222223 0.042570312500000006 0.08430555555555562
0 0.218015625 0.5876805555555555 0.08282812499999999 0.1368333333333333
1 0.9575234375000001 0.5308194444444444 0.06982812500000009 0.14008333333333337
1 0.5913125 0.6540833333333332 0.09271093750000006 0.18087499999999995
0 0.3674296875 0.5190972222222222 0.058656250000000035 0.11620833333333327
1 0.8046875 0.5824722222222222 0.09088281249999994 0.16862499999999997
0 0.11840625 0.7417499999999999 0.1052265625 0.18445833333333325
0 0.0439453125 0.6888055555555556 0.08270312500000002 0.17318055555555548
0 0.4765625 0.49175 0.05654687500000009 0.09288888888888888