0 0.8164370016676992 0.4972559124598133 0.04962111385210166 0.10421234575296
0 0.7021484375 0.5638020833333334 0.0775146484375 0.1704644097222222
1 0.889555813341078 0.49596096170508885 0.0687887639428439 0.07927001368795522
1 0.7445866030018584 0.44263640634025647 0.05135413774628308 0.1459064932360685
1 0.5872366646752374 0.3852878114843893 0.04290337963390023 0.10857475491322294
1 0.5572355084396945 0.4460682989101422 0.049670597427909156 0.07931107698695064
0 0.2178955078125 0.5846354166666666 0.0831298828125 0.13856336805555555
1 0.93896484375 0.7161458333333334 0.115966796875 0.22764756944444445
0 0.9052734375 0.6028645833333334 0.1033935546875 0.18348524305555555
0 0.30517578125 0.6080729166666666 0.06536865234375 0.13780381944444445
0 0.477294921875 0.484375 0.055816650390625 0.10091145833333333
0 0.120849609375 0.7365451388888888 0.10540771484375 0.1960720486111111
0 0.95849609375 0.5212673611111112 0.06842041015625 0.15592447916666666
0 0.642578125 0.4622395833333333 0.041534423828125 0.08539496527777778
0 0.04534912109375 0.6892361111111112 0.0850830078125 0.1765407986111111
0 0.634765625 0.41015625 0.043121337890625 0.0705837673611111
0 0.351806640625 0.5247395833333334 0.057708740234375 0.1095920138888889
0 0.7939453125 0.5828993055555556 0.09979248046875 0.18055555555555555
0 0.54150390625 0.4995659722222222 0.0489501953125 0.09407552083333333
0 0.5986328125 0.6493055555555556 0.0872802734375 0.1984592013888889
0 0.70263671875 0.4151475694444444 0.03875732421875 0.0803493923611111