0 0.4765625 0.4900173611111111 0.05450439453125 0.0935329861111111
1 0.5586307185119184 0.44619895998296943 0.044542762194913266 0.08114574982704978
1 0.5862577738734814 0.3827973173442569 0.04727186625576589 0.10491716743117255
1 0.7426995724140498 0.4434267035334158 0.05213747626565031 0.1501997612334983
1 0.6982421875 0.5590277777777778 0.07965087890625 0.158203125
1 0.6340441842482237 0.40053432991343685 0.05716797915980258 0.06284166329909592
1 0.9476316522839788 0.7148406825954311 0.09295691027579203 0.22656863480913786
1 0.7927637741115632 0.5665991877536422 0.08384501037062364 0.15837198661839552
1 0.90576171875 0.5946180555555556 0.09039306640625 0.1606987847222222
0 0.95556640625 0.5264756944444444 0.073974609375 0.1391059027777778
0 0.8817813991909237 0.49293654424577227 0.06846845161815267 0.07474027599154454
0 0.220703125 0.5876736111111112 0.07904052734375 0.13661024305555555
0 0.042877197265625 0.6848958333333334 0.08477783203125 0.17252604166666666
1 0.8154296875 0.5056423611111112 0.06268310546875 0.1181640625
0 0.374755859375 0.5108506944444444 0.050140380859375 0.1274956597222222
0 0.54736328125 0.5017361111111112 0.060302734375 0.09814453125
0 0.64013671875 0.4596354166666667 0.04840087890625 0.08995225694444445
0 0.12127685546875 0.7391493055555556 0.10247802734375 0.1880425347222222
1 0.62060546875 0.6527777777777778 0.08209228515625 0.2072482638888889
0 0.301025390625 0.6067708333333334 0.060211181640625 0.13682725694444445
0 0.703125 0.4157986111111111 0.03955078125 0.07524956597222222