0 0.9580078125 0.5277777777777778 0.07122656250000006 0.14779166666666663
0 0.6930390625 0.567763888888889 0.08343749999999997 0.14779166666666663
1 0.2346171875 0.5802916666666667 0.06756250000000001 0.13074999999999998
0 0.35546875 0.5165 0.06805468750000002 0.11079166666666664
1 0.9008828125000001 0.5967916666666666 0.0989374999999999 0.1691666666666666
0 0.630375 0.40755555555555556 0.051851562500000094 0.07411111111111113
1 0.1290234375 0.7296944444444444 0.10206249999999999 0.16165277777777784
0 0.81190625 0.470625 0.05864843750000004 0.06452777777777782
1 0.308109375 0.602 0.056242187500000006 0.1451805555555555
1 0.4990234375 0.4869861111111111 0.05300781249999993 0.09352777777777782
1 0.948453125 0.7118472222222222 0.07813281250000018 0.22344444444444453
1 0.5576171875 0.5052083333333334 0.04708593749999999 0.08523611111111112
1 0.5751953125 0.37651388888888887 0.03860156250000006 0.16688888888888884
1 0.7423124999999999 0.42927777777777776 0.052179687499999974 0.11300000000000002
1 0.8813515625000001 0.49695833333333334 0.06384374999999984 0.11187499999999993
1 0.80890625 0.5864444444444444 0.07885937500000004 0.17165277777777782
0 0.04425 0.6835972222222222 0.0885 0.17101388888888888