0 0.299072265625 0.6137152777777778 0.078369140625 0.1567925347222222
1 0.378173828125 0.5225694444444444 0.053314208984375 0.11686197916666667
0 0.5552610755420101 0.4371178714701633 0.049420475869104766 0.07741499641254879
0 0.685546875 0.4116753472222222 0.036712646484375 0.07568359375
0 0.6424333618777014 0.454581892867549 0.046310034057097126 0.08733218851287587
1 0.6309738810425671 0.4009365950454817 0.03767381994611565 0.052090203979852215
0 0.8810106603986572 0.5122420397680615 0.06585484960660111 0.11735614296125428
1 0.806640625 0.5842013888888888 0.093994140625 0.16861979166666666
1 0.7873751664412242 0.4910639406472342 0.04975643639807341 0.10072597157224629
1 0.91455078125 0.72265625 0.10284423828125 0.2250434027777778
1 0.7367493698141786 0.47296501916750117 0.05738504943414267 0.15205173249833104
1 0.953125 0.6102430555555556 0.08251953125 0.1733940972222222
0 0.218505859375 0.59375 0.07794189453125 0.12608506944444445
0 0.043212890625 0.6883680555555556 0.08642578125 0.171875
0 0.9541015625 0.5247395833333334 0.0784912109375 0.1462673611111111
1 0.1265869140625 0.7604166666666666 0.10174560546875 0.1960720486111111
0 0.477783203125 0.4852430555555556 0.0552978515625 0.09510633680555555
0 0.57421875 0.6727430555555556 0.09588623046875 0.1821831597222222
0 0.54248046875 0.5013020833333334 0.0548095703125 0.10167100694444445
1 0.69482421875 0.56640625 0.075439453125 0.17371961805555555