0 0.2282734375 0.5837638888888889 0.07135156250000001 0.13931944444444452
0 0.5569765624999999 0.44126388888888884 0.04861718750000001 0.07988888888888887
0 0.6324765625000001 0.39949999999999997 0.048710937499999926 0.05627777777777775
0 0.8064140625 0.49498611111111107 0.06960937499999993 0.0873472222222222
1 0.7483359375 0.4486111111111111 0.046484375 0.15406944444444454
0 0.8954296875000001 0.4480138888888889 0.06490624999999994 0.0839583333333334
0 0.6981171875000001 0.5708472222222222 0.08728125000000002 0.14811111111111108
0 0.9103046875 0.5547500000000001 0.07678125000000016 0.0943194444444444
1 0.924453125 0.7479722222222221 0.11374999999999993 0.3239444444444445
0 0.6428906249999999 0.4591805555555556 0.03853124999999995 0.09556944444444437
0 0.806640625 0.5824722222222222 0.09417968750000005 0.16948611111111106
1 0.3569375 0.5190972222222222 0.06866406249999998 0.11512499999999998
0 0.573734375 0.6796944444444445 0.09753124999999993 0.1598333333333333
0 0.958984375 0.5221388888888889 0.0686640624999999 0.1459444444444445
1 0.1265859375 0.75 0.10210937499999999 0.1873888888888889
0 0.041703125 0.6866388888888889 0.08340625 0.17556944444444447
0 0.7036171875 0.4357638888888889 0.04132031250000008 0.1121944444444444
1 0.29809375 0.6141527777777778 0.08678906250000003 0.16504166666666673
0 0.474125 0.49175 0.056242187500000006 0.09619444444444443
0 0.5419921875 0.500875 0.04586718750000003 0.09776388888888887