1 0.5849609375 0.6584201388888888 0.1007080078125 0.1831597222222222
1 0.7836344424281618 0.4879477180771368 0.05063680477819865 0.09850828337649567
0 0.5454099198356165 0.5056423611111112 0.04702711506185793 0.09114583333333333
0 0.04217529296875 0.6853298611111112 0.0823974609375 0.17100694444444445
0 0.2235107421875 0.5850694444444444 0.0843505859375 0.13606770833333334
0 0.302001953125 0.6111111111111112 0.0743408203125 0.15538194444444445
0 0.8828125 0.5082465277777778 0.06475830078125 0.13194444444444445
1 0.7138671875 0.5577256944444444 0.0740966796875 0.1567925347222222
0 0.482666015625 0.4874131944444444 0.04913330078125 0.09760199652777778
1 0.3740234375 0.5308159722222222 0.06280517578125 0.1047092013888889
0 0.962890625 0.5282118055555556 0.06304931640625 0.14832899305555555
1 0.80322265625 0.57421875 0.0863037109375 0.1755642361111111
0 0.1270751953125 0.7547743055555556 0.10211181640625 0.19032118055555555
0 0.56396484375 0.4392361111111111 0.048583984375 0.0852322048611111
0 0.94287109375 0.6080729166666666 0.0604248046875 0.1704644097222222
1 0.7548828125 0.4144965277777778 0.0360107421875 0.0837131076388889
0 0.62451171875 0.4016927083333333 0.036163330078125 0.05881076388888889
0 0.70556640625 0.4142795138888889 0.03912353515625 0.06928168402777778
1 0.888671875 0.7213541666666666 0.140380859375 0.2504340277777778