0 0.631421875 0.4009027777777777 0.04140625 0.05983333333333339
1 0.7041015625 0.5655416666666666 0.080078125 0.15929166666666658
1 0.74434375 0.4482638888888889 0.047265625 0.15162499999999995
0 0.80678125 0.48556944444444444 0.06526562499999997 0.08388888888888886
0 0.647421875 0.4605 0.04399218749999996 0.09265277777777783
1 0.7993203125000001 0.5798611111111112 0.09845312500000007 0.17045833333333335
1 0.8950234375000001 0.6128472222222222 0.07922656249999989 0.15050000000000002
0 0.8902421875 0.5038194444444445 0.05836718750000003 0.09577777777777782
0 0.960109375 0.5192638888888889 0.06683593750000014 0.1341249999999999
1 0.9318671875 0.7036388888888889 0.10275781250000016 0.21087499999999998
0 0.9036093749999999 0.44143055555555555 0.06132031249999983 0.08143055555555555
1 0.3046875 0.6045972222222222 0.06267968750000001 0.14051388888888883
0 0.122140625 0.7347916666666666 0.10603906249999998 0.19050000000000003
0 0.581546875 0.6618888888888889 0.10089062500000008 0.18316666666666667
1 0.21789843750000001 0.5868055555555556 0.08740624999999999 0.1395416666666667
0 0.356203125 0.5151944444444444 0.061429687499999996 0.11708333333333328
0 0.042390625 0.6844583333333333 0.08478125 0.17187499999999992
0 0.5444375 0.49869444444444444 0.05252343750000001 0.10145833333333328
0 0.6997109375 0.41774999999999995 0.03949218749999996 0.0837083333333333
0 0.47827343750000006 0.48525 0.05489843749999999 0.10106944444444442
1 0.5576171875 0.4461805555555556 0.04178125000000001 0.09184722222222222