0 0.1202392578125 0.7413205637939679 0.09863281249999999 0.18228942796761938
1 0.7440449414975939 0.430557407394099 0.04584566387981255 0.12326759256597579
0 0.6452713809996601 0.4538339674412806 0.04188521651630506 0.09299779599367229
1 0.87109375 0.4995659722222222 0.04779052734375 0.08832465277777778
0 0.9079038302499477 0.44177452072484014 0.04893843325010465 0.059267092531691726
0 0.359375 0.5160590277777778 0.056549072265625 0.11686197916666667
0 0.77587890625 0.4969618055555556 0.059661865234375 0.1218532986111111
0 0.2216796875 0.5842013888888888 0.07861328125 0.13053385416666666
0 0.962890625 0.5277777777777778 0.058563232421875 0.14366319444444445
1 0.95166015625 0.7322048611111112 0.07720947265625 0.2185329861111111
1 0.5654296875 0.4461805555555556 0.04559326171875 0.0896267361111111
0 0.042022705078125 0.6866319444444444 0.081787109375 0.17371961805555555
0 0.80615234375 0.5807291666666666 0.0938720703125 0.16829427083333334
0 0.29833984375 0.6106770833333334 0.072509765625 0.15266927083333334
0 0.6298828125 0.4058159722222222 0.04107666015625 0.06879340277777778
0 0.548828125 0.5073784722222222 0.05108642578125 0.08881293402777778
0 0.70166015625 0.4157986111111111 0.042022705078125 0.07649739583333333
0 0.578125 0.66796875 0.09930419921875 0.17252604166666666
0 0.69482421875 0.5646701388888888 0.078369140625 0.1613498263888889
0 0.484130859375 0.4874131944444444 0.050506591796875 0.10313585069444445