1 0.2197265625 0.5794305555555556 0.08447656249999999 0.1303194444444445
1 0.5493203125 0.4982638888888889 0.051179687499999994 0.0965138888888889
1 0.47903124999999996 0.39034722222222223 0.015734375000000078 0.10523611111111109
1 0.742765625 0.44455555555555554 0.051023437499999956 0.15148611111111118
1 0.7021484375 0.5607638888888888 0.08539062499999997 0.1523472222222223
1 0.629703125 0.392375 0.036351562499999976 0.04244444444444437
1 0.58984375 0.6462638888888889 0.09552343749999999 0.1912916666666666
0 0.910765625 0.5794722222222223 0.08800781250000007 0.14688888888888887
1 0.9277578125 0.7132777777777777 0.10103125000000013 0.2249305555555556
0 0.958984375 0.523875 0.0647578124999999 0.15050000000000002
1 0.8042031250000001 0.5811666666666666 0.08740625000000009 0.18772222222222218
0 0.8129453124999999 0.4824861111111111 0.057984374999999935 0.07826388888888892
0 0.8803750000000001 0.49956944444444445 0.061890624999999845 0.0963611111111111
0 0.0433671875 0.688375 0.0843515625 0.17318055555555564
0 0.701171875 0.4134166666666667 0.04122656249999999 0.07568055555555557
1 0.1232265625 0.7365416666666665 0.10321093750000002 0.19606944444444446
0 0.4736328125 0.4887222222222222 0.04849218749999995 0.09798611111111105
0 0.362796875 0.5182361111111111 0.05340625000000001 0.1205555555555555
0 0.638671875 0.4826388888888889 0.04742187500000004 0.13097222222222216
0 0.304203125 0.6059027777777778 0.07043749999999997 0.13877777777777772
1 0.5776796875 0.3775 0.04635156249999994 0.1542777777777778