0 0.54345703125 0.5073784722222222 0.046905517578125 0.09619140625
0 0.6300655507150665 0.4054860902272035 0.03939745885200807 0.062057249898851474
1 0.7416558113580853 0.4444363337187424 0.050318748377579506 0.156993327159707
0 0.7002401330934317 0.5372980013489317 0.06518920629709282 0.1288494749200857
1 0.9134333975628769 0.5871016712956217 0.07003917316192734 0.1254827119325076
0 0.8940906157464663 0.44420512358481024 0.0644799013195673 0.06771797286406493
1 0.8051554907555598 0.6255962967432425 0.08978438088186698 0.3284495379309293
0 0.6469040121583348 0.45841040997815 0.03785701474583014 0.09390415328963321
0 0.7053107071762627 0.4137988420131301 0.04209114091502553 0.07255211110959373
0 0.29931640625 0.6089409722222222 0.0755615234375 0.146484375
0 0.478271484375 0.4874131944444444 0.053314208984375 0.099609375
0 0.35546875 0.5199652777777778 0.06744384765625 0.1162109375
0 0.5615234375 0.4487847222222222 0.046295166015625 0.08930121527777778
0 0.2210693359375 0.5920138888888888 0.0775146484375 0.1286892361111111
0 0.88525390625 0.5091145833333334 0.0631103515625 0.10899522569444445
0 0.04351806640625 0.6892361111111112 0.08197021484375 0.17317708333333334
1 0.1265869140625 0.7495659722222222 0.0999755859375 0.18250868055555555
1 0.65869140625 0.6883680555555556 0.10125732421875 0.19737413194444445
1 0.9404296875 0.7265625 0.09417724609375 0.22960069444444445
0 0.95849609375 0.5225694444444444 0.06915283203125 0.13834635416666666