1 0.36996093750000003 0.523361111111111 0.05679687500000004 0.12756944444444449
1 0.9089296875 0.5744722222222223 0.08941406249999986 0.12822222222222213
1 0.8005078125 0.4928888888888889 0.05435156250000004 0.08462499999999994
1 0.7439218750000001 0.4448888888888889 0.05024218749999996 0.14477777777777778
1 0.8002968750000001 0.5811666666666666 0.09704687499999994 0.15766666666666665
1 0.9652890624999999 0.5256666666666667 0.06678125000000001 0.14669444444444446
1 0.8416874999999999 0.4103333333333333 0.07114843750000013 0.09880555555555554
1 0.919921875 0.46397222222222223 0.057375000000000044 0.10524999999999997
0 0.44067187499999994 0.532125 0.05050781250000007 0.13368055555555555
0 0.2099609375 0.5850694444444444 0.09136718750000002 0.13248611111111108
0 0.576171875 0.6870694444444445 0.10247656250000006 0.16048611111111113
0 0.2998046875 0.6119861111111111 0.07385156249999998 0.15158333333333332
0 0.7055703125 0.5659722222222222 0.06304687500000003 0.15158333333333332
1 0.1258515625 0.750875 0.10174218749999997 0.1780555555555556
0 0.5322265625 0.5052083333333334 0.04742187500000004 0.09565277777777778
0 0.0374765625 0.6870694444444444 0.07434375 0.17936111111111108
1 0.9301796875000001 0.7222222222222222 0.10724218749999999 0.23762499999999998
1 0.87109375 0.492625 0.06267968750000001 0.0899583333333333
0 0.478515625 0.49045833333333333 0.04831249999999994 0.09440277777777782
0 0.6845703125 0.4129722222222222 0.03927343749999999 0.07275
0 0.62975 0.40016666666666667 0.05511718749999996 0.05016666666666667
0 0.6426875 0.46063888888888893 0.046578124999999915 0.0847361111111111