0 0.48071093749999994 0.48394444444444445 0.058656249999999945 0.09798611111111105
0 0.6271484375 0.3969861111111111 0.03798437499999992 0.04580555555555558
0 0.7001953125 0.41601388888888885 0.04501562499999991 0.08137500000000004
0 0.81409375 0.494625 0.05421093749999999 0.09918055555555551
1 0.7459453125 0.4339027777777778 0.053976562499999936 0.13397222222222227
0 0.8837890625 0.4934861111111111 0.06732031250000006 0.08572222222222226
1 0.89259375 0.5894722222222223 0.10625 0.14080555555555554
0 0.798265625 0.5866805555555555 0.09173437500000006 0.15841666666666676
1 0.702640625 0.5638055555555556 0.07317968750000006 0.1624305555555556
1 0.9231093749999999 0.7246944444444444 0.09966406250000012 0.22706944444444446
0 0.04296875 0.6896666666666667 0.083859375 0.17338888888888893
1 0.1232265625 0.7513055555555557 0.10614062500000002 0.1873888888888889
0 0.5434609375 0.49783333333333335 0.05529687499999998 0.0974444444444444
0 0.9565468750000001 0.5273472222222222 0.07146875000000001 0.14865277777777774
0 0.21789843750000001 0.5859444444444445 0.08508593749999997 0.1277083333333334
0 0.640140625 0.45616666666666666 0.04202343749999997 0.08512499999999995
0 0.374515625 0.5290833333333333 0.06267968750000001 0.10980555555555564
1 0.599125 0.6415 0.1015625 0.20540277777777785
0 0.30859375 0.6089444444444444 0.062226562499999985 0.13129166666666664
1 0.583984375 0.38997222222222216 0.04742187500000004 0.1346527777777778
1 0.5656718749999999 0.33394444444444443 0.03369531250000009 0.09497222222222222