1 0.3696328125 0.5195277777777778 0.056546874999999996 0.11902777777777784
0 0.5606796875 0.4426666666666667 0.047195312500000065 0.07759722222222223
0 0.6309765625 0.40516666666666673 0.05499218750000008 0.0705833333333334
1 0.68359375 0.4134166666666667 0.04037500000000005 0.08137500000000004
1 0.595796875 0.655875 0.08569531250000004 0.21223611111111104
1 0.7482578125 0.4383611111111111 0.04892968750000008 0.13352777777777775
0 0.800265625 0.5854305555555556 0.09129687500000001 0.14901388888888883
1 0.8036484375 0.48941666666666667 0.05585156249999992 0.07552777777777778
1 0.9421953125 0.713125 0.0858281250000001 0.2306388888888888
0 0.9003125000000001 0.5925694444444444 0.06900000000000013 0.15730555555555553
1 0.7114296875 0.5572916666666666 0.08166406249999998 0.16504166666666673
1 0.9619140625 0.5177916666666667 0.06256249999999994 0.13194444444444445
1 0.8745156250000001 0.49740277777777775 0.05953906250000003 0.09406944444444447
1 0.8330078125 0.41731944444444447 0.05291406250000001 0.18055555555555555
0 0.91796875 0.46875 0.060304687500000044 0.10106944444444442
0 0.44018750000000006 0.5334166666666667 0.05154687500000001 0.13368055555555555
0 0.5378046875 0.5072083333333334 0.04222656249999997 0.08936111111111116
0 0.4790078125 0.4913194444444444 0.04959375000000001 0.0926666666666667
0 0.20471093749999997 0.5954861111111112 0.08154687499999999 0.11620833333333327
1 0.1199921875 0.7591111111111111 0.10967968749999998 0.18901388888888884
0 0.0381171875 0.6861944444444444 0.073546875 0.17588888888888887