0 0.8814213704107751 0.4942549075594272 0.056388645207437096 0.08063221095218753
1 0.5926928905615153 0.6432066724077303 0.07511226575196943 0.18754498851787263
1 0.8057837729461259 0.5798611111111112 0.07989973926399854 0.14025962223609428
0 0.8137620997818157 0.483012496471879 0.05494040004574332 0.08201891655486912
1 0.9328561279753977 0.6750209191737233 0.0725251258653806 0.1608079264655952
1 0.627524319667845 0.3974594354942918 0.0408457584763152 0.04687199598858345
1 0.5682121868868772 0.32756894722640306 0.026103328851879583 0.06627070695280608
1 0.7471623050707017 0.4326060386611131 0.04946811446797152 0.12617127871111491
1 0.693359375 0.5581597222222222 0.09039306640625 0.15125868055555555
0 0.36375425781396764 0.5134552035902744 0.060518407494713246 0.12957836981212978
0 0.218505859375 0.5855034722222222 0.08270263671875 0.1218532986111111
1 0.90283203125 0.5933159722222222 0.07330322265625 0.1704644097222222
0 0.299560546875 0.6050347222222222 0.06866455078125 0.1518012152777778
0 0.9609375 0.5256076388888888 0.063232421875 0.1499565972222222
0 0.478759765625 0.4856770833333333 0.0517578125 0.09407552083333333
0 0.1236572265625 0.7530381944444444 0.10504150390625 0.19032118055555555
0 0.04400634765625 0.6896701388888888 0.08465576171875 0.17686631944444445
0 0.69921875 0.4144965277777778 0.04327392578125 0.07579210069444445