1 0.8049141442744843 0.592381251944305 0.07700032473228155 0.17200832944472338
1 0.7400988394210224 0.4389395793232044 0.05349372740795495 0.13753627670196428
0 0.9620251670246678 0.5030574026276576 0.06209468548191488 0.11993858997753774
0 0.9385021210185925 0.584717123027094 0.06855239858781488 0.10508962799863263
0 0.8137182036463549 0.4835469853533958 0.056370965754165156 0.08200282487345827
0 0.64013671875 0.4574652777777778 0.044342041015625 0.08930121527777778
1 0.9288120441100872 0.7170097223437413 0.09330364615482586 0.22374965253473966
0 0.70166015625 0.4144965277777778 0.039794921875 0.07725694444444445
1 0.55029296875 0.4991319444444444 0.04913330078125 0.0959743923611111
1 0.5764934994629984 0.37793367727454075 0.047639954995144326 0.1316269031601929
1 0.6258204673597203 0.39660937135442814 0.0360952804225656 0.04414105173663422
0 0.12275853899667619 0.7359401929214093 0.10177296106914761 0.1796711844539298
0 0.0439453125 0.6883680555555556 0.0850830078125 0.17317708333333334
0 0.218994140625 0.5855034722222222 0.0823974609375 0.1254340277777778
0 0.8818359375 0.5138888888888888 0.06842041015625 0.125
1 0.6904296875 0.5729166666666666 0.07794189453125 0.1665581597222222
1 0.307373046875 0.6111111111111112 0.06268310546875 0.13953993055555555
0 0.366943359375 0.5138888888888888 0.051849365234375 0.125
1 0.58056640625 0.65234375 0.086181640625 0.1886935763888889
0 0.4775390625 0.4878472222222222 0.052032470703125 0.09391276041666667