0 0.234619140625 0.5815972222222222 0.0701904296875 0.1201171875
1 0.7217341239875298 0.40912082474786976 0.03773292389994047 0.1555897397735172
0 0.798828125 0.5863715277777778 0.10821533203125 0.1648220486111111
1 0.8879920175198744 0.5101719200933917 0.059343113397751425 0.113985333242339
1 0.8244376215313366 0.47487104677331665 0.07414721787482667 0.06855719771329992
1 0.9281843232155212 0.6987102632101079 0.08924902935020747 0.2544083736424378
0 0.9625685872462562 0.510341653135543 0.06003128253873733 0.0971807021044193
0 0.0445709228515625 0.6840277777777778 0.089141845703125 0.17252604166666666
1 0.12890625 0.7621527777777778 0.100341796875 0.2111545138888889
0 0.35498046875 0.5221354166666666 0.060211181640625 0.11165364583333333
0 0.697265625 0.5629340277777778 0.0863037109375 0.14811197916666666
0 0.5029296875 0.4800347222222222 0.05224609375 0.09998914930555555
0 0.6279296875 0.404296875 0.04840087890625 0.07508680555555555
1 0.55517578125 0.5069444444444444 0.044189453125 0.07427300347222222
1 0.5810546875 0.4001736111111111 0.057281494140625 0.14127604166666666
0 0.69189453125 0.4090711805555556 0.0289306640625 0.06966145833333333
0 0.30517578125 0.6124131944444444 0.06549072265625 0.13834635416666666
1 0.75341796875 0.4479166666666667 0.03521728515625 0.15397135416666666