0 0.8251188195957189 0.4941353581133241 0.04092447018356218 0.10361359817109259
1 0.7443314013057505 0.443257318230967 0.04548636731037412 0.1505120322952673
1 0.8993242672072501 0.5037036631547633 0.06128281175825023 0.0775570658928599
1 0.5947815896702188 0.6467906116042426 0.07085843010476207 0.18070263095818165
1 0.9097705830873182 0.6946367560310249 0.11429672445036373 0.2558099703953832
1 0.8027322583317813 0.5752455775381019 0.08569759271143731 0.16016422686824083
1 0.9015313590288127 0.5814702046361854 0.05620219318599986 0.11608628649143403
1 0.49713876182404937 0.39938944355980516 0.045425845492526484 0.1164872204529437
0 0.04296875 0.6853298611111112 0.08477783203125 0.1728515625
0 0.96044921875 0.5303819444444444 0.06549072265625 0.13834635416666666
0 0.304443359375 0.6124131944444444 0.06927490234375 0.1372612847222222
1 0.71044921875 0.5594618055555556 0.070556640625 0.15907118055555555
1 0.3623046875 0.5221354166666666 0.06964111328125 0.11165364583333333
0 0.219970703125 0.5798611111111112 0.07977294921875 0.14756944444444445
0 0.12054443359375 0.7530381944444444 0.1114501953125 0.2133246527777778
0 0.7099609375 0.4138454861111111 0.042572021484375 0.08002387152777778
0 0.63916015625 0.4583333333333333 0.044189453125 0.0908203125
0 0.47802734375 0.4865451388888889 0.0560302734375 0.10199652777777778
1 0.62451171875 0.3997395833333333 0.0364990234375 0.0681423611111111
0 0.54345703125 0.5021701388888888 0.044677734375 0.09722222222222222