0 0.5880234375 0.6705694444444446 0.11574218750000007 0.17502777777777784
1 0.701171875 0.5481805555555556 0.07067968750000002 0.17372222222222228
0 0.909828125 0.6037638888888889 0.08946093750000017 0.1553194444444445
1 0.12452343749999999 0.7556666666666667 0.10832031249999999 0.1892916666666666
0 0.881640625 0.5034166666666666 0.06478125000000005 0.11370833333333334
0 0.5603828125 0.4438611111111111 0.053703125000000004 0.09262499999999992
0 0.2970390625 0.61025 0.08396093750000003 0.14887500000000006
1 0.7329453125 0.4177361111111111 0.06799999999999998 0.09631944444444447
1 0.23135937499999998 0.60075 0.09124999999999998 0.12348611111111106
0 0.5403359375 0.5031527777777778 0.058296875000000095 0.10759722222222226
1 0.3615703125 0.5224027777777778 0.062406249999999996 0.1254166666666666
0 0.4845859375 0.4794861111111111 0.06571093749999993 0.10100000000000003
1 0.771484375 0.5038472222222222 0.06560156249999993 0.11055555555555559
1 0.966671875 0.7075277777777778 0.06665625000000013 0.22240277777777778
1 0.8164374999999999 0.5805277777777778 0.09155468750000004 0.14962500000000004
0 0.6833671875 0.411375 0.043367187499999994 0.06536111111111119
0 0.6413125 0.46623611111111113 0.059835937499999936 0.10651388888888881
1 0.9009140625000001 0.45191666666666663 0.0370000000000001 0.0780694444444445
0 0.6247734375 0.3857638888888889 0.053796874999999925 0.08431944444444446