1 0.11554687500000001 0.7533333333333333 0.11851562499999999 0.2022916666666667
0 0.20217187499999997 0.5995138888888889 0.07710156250000003 0.1281944444444444
1 0.2998046875 0.6069722222222222 0.08844531250000003 0.15601388888888895
1 0.3721875 0.5185138888888888 0.07457812500000002 0.12005555555555547
1 0.4900234375 0.47350000000000003 0.062257812500000044 0.10037499999999998
0 0.639546875 0.464125 0.055671874999999996 0.09023611111111116
0 0.5586249999999999 0.44606944444444446 0.053492187500000024 0.08958333333333333
0 0.6813828125 0.411375 0.04321874999999995 0.07168055555555558
0 0.5384453125 0.5026111111111111 0.061921874999999994 0.11236111111111108
0 0.6192109375 0.4086111111111111 0.05489843749999999 0.07518055555555556
1 0.7368828125 0.4251388888888889 0.061148437499999986 0.11113888888888887
0 0.70153125 0.5620694444444444 0.08078125000000007 0.15201388888888895
1 0.8068046875 0.5977916666666667 0.09999218749999991 0.15920833333333334
0 0.9135781250000001 0.6119861111111111 0.10503906249999986 0.16395833333333326
1 0.9607734375 0.7099861111111111 0.07259375000000005 0.1668055555555556
0 0.8751640625 0.4992777777777778 0.050562499999999844 0.11455555555555558
1 0.9067734375000001 0.43795833333333334 0.03125 0.06666666666666667
0 0.58365625 0.6705694444444444 0.12062500000000007 0.17686111111111116
1 0.9813515625000001 0.523 0.026101562499999887 0.14181944444444447
1 0.4498828125 0.5352777777777777 0.07374218750000008 0.16473611111111114
0 0.038906249999999996 0.6857638888888888 0.0753203125 0.1818611111111112