0 0.0336640625 0.6927083333333334 0.06634375 0.17338888888888884
1 0.38061718750000006 0.5208333333333334 0.05371093750000004 0.1205555555555555
1 0.5927734375 0.6532118055555556 0.09332275390625 0.1970486111111111
1 0.798828125 0.5902777777777778 0.0943603515625 0.16569010416666666
0 0.7015214314993823 0.5683124349934833 0.08719151200123551 0.14877764776474436
1 0.8916015625 0.5121527777777778 0.07275390625 0.13856336805555555
0 0.56103515625 0.4427083333333333 0.04931640625 0.08555772569444445
0 0.6387771294259801 0.4720919021976391 0.053073182554290096 0.10975877392502156
0 0.30029296875 0.6124131944444444 0.0775146484375 0.15071614583333334
0 0.125732421875 0.7677951388888888 0.1083984375 0.22395833333333334
0 0.78369140625 0.4956597222222222 0.060760498046875 0.11187065972222222
0 0.2166748046875 0.5828993055555556 0.07354736328125 0.11946614583333333
1 0.90966796875 0.6106770833333334 0.1104736328125 0.1689453125
1 0.474609375 0.4930555555555556 0.05499267578125 0.0857204861111111
0 0.96630859375 0.5308159722222222 0.053497314453125 0.1372612847222222
1 0.72216796875 0.46875 0.0740966796875 0.15733506944444445
0 0.6298828125 0.4079861111111111 0.036773681640625 0.06461588541666667
1 0.90869140625 0.7391493055555556 0.11798095703125 0.19737413194444445
0 0.68701171875 0.4134114583333333 0.035003662109375 0.07481553819444445
0 0.54443359375 0.5108506944444444 0.0535888671875 0.08289930555555555
0 0.537109375 0.4748263888888889 0.0305023193359375 0.04006618923611111