0 0.3024921875 0.6059027777777778 0.06500000000000003 0.13834722222222223
0 0.7006875 0.5599027777777777 0.0869140625 0.16276388888888896
1 0.62665625 0.40002777777777776 0.044632812500000084 0.05220833333333338
1 0.749578125 0.4318055555555555 0.04610156249999999 0.1239166666666667
0 0.5693125 0.4442222222222222 0.04139843750000001 0.07548611111111114
1 0.8059375 0.5795833333333333 0.09161718749999999 0.14975000000000008
1 0.9318515625 0.5956666666666667 0.07874218749999998 0.12937499999999996
1 0.958109375 0.5303611111111112 0.0686406250000001 0.13459722222222217
1 0.9079140625000001 0.709125 0.11007812500000007 0.2203472222222222
0 0.8812265625 0.4946527777777777 0.07049218750000001 0.08531944444444438
0 0.22107031250000003 0.5898472222222222 0.08062500000000002 0.13487500000000002
0 0.0440078125 0.6870694444444444 0.08331250000000001 0.17372222222222228
0 0.6411171875 0.4548611111111111 0.04327343750000008 0.09511111111111113
1 0.692875 0.41883333333333334 0.04183593749999996 0.0829027777777777
0 0.544921875 0.5021666666666667 0.05499218750000008 0.09115277777777778
0 0.1175546875 0.7404583333333333 0.10687500000000001 0.1803333333333333
0 0.366453125 0.5169305555555556 0.060640625000000004 0.11620833333333327
0 0.47875781249999994 0.49045833333333333 0.058656249999999945 0.09423611111111115
0 0.5844765625 0.6631944444444444 0.09685937500000001 0.17969444444444452
1 0.5838671875 0.3695694444444444 0.05335156249999997 0.09580555555555557
1 0.8035390625 0.48568055555555556 0.10810156249999991 0.07154166666666666