1 0.585205078125 0.6705720771545238 0.11151123046875 0.15982905014238105
1 0.7479937853428076 0.4230768666742053 0.03962644298625939 0.105539584042855
0 0.6463729585179803 0.45876939797631094 0.04164522684577569 0.09313004167331876
0 0.6249074373214666 0.40312462519511844 0.027990110782208078 0.07175554865989081
0 0.7776186251877042 0.47312677941411246 0.05957074646915839 0.0610539060504471
1 0.693359375 0.5607638888888888 0.06805419921875 0.1584201388888889
0 0.56689453125 0.44616964189770053 0.043487548828125 0.0927952648157101
1 0.9547802062747017 0.7287007813774918 0.0701450015176821 0.20515467254461126
0 0.9652206147679803 0.5051882084907585 0.0544830868702892 0.10065419475929487
0 0.8736902354874683 0.510994501283791 0.05694081808756302 0.1156304956231376
0 0.8002050173560654 0.5813607258824228 0.08752650944141172 0.1578513790551366
0 0.9095146549269 0.45020527303285085 0.03460838545869969 0.07830768148236855
0 0.779296875 0.4973958333333333 0.06292724609375 0.1095920138888889
1 0.127197265625 0.7556423611111112 0.102294921875 0.193359375
0 0.47900390625 0.4856770833333333 0.052825927734375 0.09922960069444445
0 0.354736328125 0.5208333333333334 0.06671142578125 0.10801866319444445
0 0.2119140625 0.5876736111111112 0.08135986328125 0.12141927083333333
0 0.297607421875 0.6076388888888888 0.07586669921875 0.1449652777777778
0 0.043365478515625 0.6879340277777778 0.08135986328125 0.17469618055555555
0 0.5419921875 0.5065104166666666 0.048675537109375 0.09581163194444445
0 0.70458984375 0.4173177083333333 0.038238525390625 0.07194010416666667