1 0.37109375 0.5186631944444444 0.0792236328125 0.1279296875
1 0.61376953125 0.3893229166666667 0.0352783203125 0.1003689236111111
0 0.7080078125 0.416015625 0.042083740234375 0.0788302951388889
1 0.7426606749286127 0.43475781840051647 0.04357879662714996 0.13112587985658844
0 0.8020191640988574 0.48853566999101977 0.06631079289603506 0.0891590135931507
0 0.88916015625 0.5065104166666666 0.070556640625 0.1106228298611111
0 0.9033203125 0.6002604166666666 0.08123779296875 0.15342881944444445
1 0.93603515625 0.7144097222222222 0.09332275390625 0.23719618055555555
0 0.69921875 0.5685763888888888 0.09234619140625 0.15592447916666666
0 0.04266357421875 0.6909722222222222 0.0853271484375 0.18001302083333334
0 0.80224609375 0.5785590277777778 0.097412109375 0.1615668402777778
0 0.9580078125 0.5238715277777778 0.06744384765625 0.154296875
0 0.2354736328125 0.5872395833333334 0.06781005859375 0.13975694444444445
0 0.300537109375 0.609375 0.0631103515625 0.1449652777777778
0 0.5888671875 0.6666666666666666 0.10107421875 0.1851128472222222
0 0.478515625 0.4852430555555556 0.0546875 0.09798177083333333
0 0.1383056640625 0.7356770833333334 0.09771728515625 0.201171875
0 0.64794921875 0.4631076388888889 0.04400634765625 0.107421875