0 0.44852604166666665 0.5628796296296296 0.03585937499999995 0.07857407407407398
1 0.49233854166666663 0.581462962962963 0.051999999999999956 0.09849074074074064
1 0.5843802083333334 0.5548796296296297 0.035911458333333236 0.0768611111111111
0 0.6301979166666667 0.5374537037037037 0.043713541666666585 0.055981481481481514
0 0.67615625 0.5415092592592593 0.03661979166666664 0.05882407407407405
1 0.7842083333333334 0.7388055555555555 0.08390624999999995 0.16413888888888886
0 0.7830625 0.5974444444444444 0.05986458333333336 0.09550925925925935
0 0.8116770833333333 0.5548796296296297 0.03588020833333327 0.071675925925926
1 0.5802656249999999 0.6986574074074073 0.09730729166666663 0.10706481481481492
1 0.6784114583333333 0.7364444444444445 0.10109374999999995 0.12092592592592584
0 0.32256250000000003 0.603925925925926 0.04797395833333328 0.07456481481481479
1 0.281515625 0.655611111111111 0.044052083333333325 0.12128703703703704
0 0.7255833333333332 0.5934444444444444 0.0409999999999999 0.08833333333333342
1 0.5635208333333334 0.5304537037037037 0.029958333333333323 0.05613888888888899
0 0.8808541666666667 0.5656481481481481 0.008901041666666743 0.05787037037037037
1 0.6439427083333332 0.6068518518518519 0.0578125 0.08971296296296305
1 0.21567708333333335 0.6487037037037037 0.07060937499999996 0.1011759259259259
0 0.846234375 0.6030740740740741 0.0638281250000001 0.11794444444444434