0 0.45894270833333334 0.5781851851851852 0.04131770833333329 0.09915740740740733
1 0.6229270833333334 0.5348796296296295 0.040572916666666715 0.05422222222222217
0 0.6798593749999999 0.5364074074074074 0.043229166666666666 0.053685185185185204
1 0.27369791666666665 0.6760185185185186 0.06922916666666667 0.12882407407407395
1 0.7113437499999999 0.6326759259259259 0.04440625000000011 0.13414814814814824
0 0.777734375 0.5891296296296297 0.04523437499999995 0.08013888888888884
0 0.820015625 0.5709537037037037 0.0369479166666667 0.09238888888888887
0 0.5644166666666667 0.5639907407407407 0.05572916666666667 0.06639814814814818
1 0.49750520833333334 0.5768981481481481 0.03434375000000003 0.09942592592592603
0 0.5452343749999999 0.6826851851851852 0.09855208333333329 0.1411851851851852
1 0.6518229166666667 0.6040740740740741 0.055989583333333336 0.07911111111111116
0 0.571890625 0.5255833333333333 0.04271874999999999 0.04914814814814808
1 0.8611197916666666 0.6302407407407407 0.04310937499999999 0.11156481481481482
0 0.6548593749999999 0.7129351851851852 0.10213541666666662 0.17927777777777767
1 0.829796875 0.7348611111111111 0.06861979166666667 0.1970925925925925
0 0.03430208333333333 0.7126574074074074 0.06859895833333333 0.14803703703703694
1 0.20684375 0.6695277777777778 0.06564062499999998 0.12430555555555556
0 0.7323645833333334 0.5772962962962963 0.025630208333333352 0.050398148148148206