0 0.45071875 0.559212962962963 0.03859895833333328 0.081175925925926
1 0.49112500000000003 0.5703703703703704 0.03620833333333332 0.08739814814814824
1 0.5814687500000001 0.5563796296296296 0.03674999999999997 0.07800925925925926
0 0.6266302083333334 0.5342037037037037 0.0313229166666666 0.0526018518518518
0 0.6745104166666667 0.5415092592592593 0.03332812499999989 0.05882407407407405
1 0.784375 0.7326574074074074 0.07474479166666678 0.1635648148148149
0 0.7886822916666667 0.5958611111111111 0.05327083333333344 0.09866666666666661
1 0.8592447916666667 0.599 0.0514739583333333 0.11370370370370367
0 0.8140989583333333 0.5657407407407408 0.04072395833333336 0.09339814814814805
1 0.5483072916666667 0.7154074074074074 0.07605208333333333 0.11702777777777787
1 0.6587135416666666 0.7328055555555555 0.12544791666666674 0.13212037037037042
1 0.6363177083333333 0.6105555555555555 0.05736979166666671 0.10749074074074066
1 0.21869791666666666 0.6496111111111111 0.06026562500000002 0.11472222222222231
0 0.3131822916666666 0.6027407407407408 0.048947916666666674 0.07219444444444446
0 0.2736354166666667 0.652 0.04456249999999997 0.11405555555555562
1 0.703953125 0.6095833333333334 0.05514062499999994 0.08587037037037037
0 0.7314322916666666 0.582 0.0321875000000001 0.06373148148148142
0 0.570203125 0.5138055555555555 0.016656250000000008 0.023435185185185135