0 0.45640624999999996 0.578212962962963 0.042744791666666636 0.10202777777777783
1 0.625328125 0.5382592592592593 0.04537499999999994 0.06098148148148139
0 0.680359375 0.5419259259259259 0.04222916666666663 0.06471296296296306
1 0.27280208333333333 0.6671111111111111 0.06599479166666669 0.1099537037037037
0 0.7768437499999999 0.5982037037037037 0.043447916666666704 0.09828703703703712
0 0.8132187500000001 0.5758240740740741 0.041255208333333356 0.09830555555555562
0 0.5672916666666666 0.5639907407407407 0.06147395833333344 0.06639814814814818
1 0.49709375 0.5758703703703704 0.037968750000000044 0.09571296296296286
0 0.5313958333333333 0.6895648148148148 0.09174479166666671 0.14535185185185187
1 0.6495572916666668 0.5996759259259259 0.04641666666666661 0.0808518518518518
0 0.5755312499999999 0.522361111111111 0.03571354166666675 0.03752777777777775
0 0.6495052083333334 0.7059907407407408 0.09143229166666676 0.17699074074074084
1 0.8254635416666667 0.7414907407407407 0.07419270833333323 0.18819444444444444
0 0.03430208333333333 0.7215925925925927 0.06859895833333333 0.14473148148148143
0 0.20658854166666665 0.6632685185185185 0.06746874999999998 0.12555555555555548
1 0.7288385416666666 0.6339074074074074 0.06547395833333335 0.13695370370370377
1 0.8573333333333333 0.6501296296296296 0.05608333333333325 0.13855555555555565
0 0.8702291666666666 0.5644907407407407 0.021890625000000104 0.039805555555555566
0 0.85846875 0.5858425925925926 0.036999999999999984 0.0808888888888888