1 0.45399999999999996 0.5665925925925925 0.027999999999999994 0.07683333333333335
1 0.48995833333333333 0.5794907407407408 0.04264583333333339 0.09067592592592598
0 0.5673177083333333 0.5607962962962962 0.049125000000000085 0.06785185185185183
1 0.6268072916666667 0.5332129629629629 0.035427083333333324 0.05597222222222226
0 0.6757760416666667 0.5391296296296296 0.03585416666666674 0.054064814814814906
1 0.7872447916666666 0.7421388888888889 0.07794270833333337 0.15858333333333333
0 0.7835260416666666 0.6001388888888889 0.06158854166666667 0.10089814814814817
1 0.556625 0.703212962962963 0.07896354166666673 0.12512037037037047
0 0.6714166666666667 0.6986944444444445 0.10458333333333343 0.19320370370370377
0 0.22557291666666668 0.6459351851851852 0.05409375000000001 0.10433333333333339
0 0.319796875 0.6051574074074074 0.0598020833333333 0.07772222222222228
0 0.27813020833333335 0.6546296296296297 0.05223958333333331 0.12034259259259261
0 0.8515729166666667 0.6046388888888888 0.06908333333333326 0.122037037037037
1 0.8785520833333333 0.5625740740740741 0.012979166666666705 0.04645370370370377
1 0.6329999999999999 0.6211944444444444 0.05248437499999999 0.12048148148148159
1 0.57165625 0.5194166666666666 0.023484375000000075 0.029499999999999908
1 0.8158177083333332 0.5601851851851852 0.04015104166666674 0.07187037037037027
0 0.7283124999999999 0.5959074074074074 0.04080729166666662 0.09469444444444443