1 0.4570885416666667 0.5665925925925925 0.035343749999999945 0.07683333333333335
1 0.49395833333333333 0.5743611111111111 0.03596354166666664 0.09149074074074069
0 0.5673177083333333 0.5607962962962962 0.049125000000000085 0.06785185185185183
1 0.6265104166666667 0.5318055555555555 0.03483333333333339 0.053157407407407486
0 0.6757760416666667 0.5391296296296296 0.03585416666666674 0.054064814814814906
1 0.7853177083333333 0.7405185185185185 0.07929166666666655 0.1608888888888889
0 0.786828125 0.6004907407407407 0.05607291666666659 0.10161111111111112
1 0.5441041666666667 0.690287037037037 0.10958854166666665 0.1476481481481482
0 0.21369270833333334 0.6643981481481481 0.06642187499999999 0.12002777777777787
0 0.32253125 0.6089907407407408 0.05517187500000003 0.08537962962962967
0 0.27478125000000003 0.664611111111111 0.053338541666666676 0.14215740740740737
0 0.8525781250000001 0.6060833333333334 0.07022916666666675 0.12491666666666675
1 0.879421875 0.5625740740740741 0.011234375000000085 0.04645370370370377
1 0.6359583333333333 0.6205555555555556 0.05682291666666662 0.1266944444444444
1 0.571484375 0.5180833333333333 0.023145833333333362 0.0268240740740741
1 0.814875 0.5668148148148148 0.038260416666666686 0.07773148148148153
1 0.7287916666666666 0.6299444444444445 0.060979166666666626 0.14219444444444437
0 0.6827447916666666 0.6988333333333333 0.10863541666666662 0.19206481481481488