1 0.216078125 0.658 0.08046354166666667 0.08615740740740736
0 0.45188541666666665 0.5623611111111111 0.043770833333333314 0.0874814814814815
1 0.48869270833333334 0.5744166666666667 0.032942708333333334 0.08739814814814824
0 0.5631354166666667 0.561425925925926 0.05011979166666668 0.0687685185185185
0 0.6378802083333334 0.5308425925925926 0.031557291666666744 0.0526018518518518
1 0.81225 0.7325277777777778 0.10443229166666677 0.17012962962962963
0 0.7885208333333333 0.5971481481481481 0.05294270833333338 0.10123148148148141
1 0.8614739583333333 0.6053240740740741 0.04701562499999999 0.11712037037037037
0 0.8151354166666667 0.5562314814814815 0.03806770833333341 0.07493518518518524
0 0.5302343749999999 0.679037037037037 0.09946354166666663 0.15600000000000003
0 0.5706614583333334 0.5192222222222223 0.026546874999999897 0.028398148148148214
0 0.6771875 0.6907592592592593 0.10842708333333324 0.21721296296296289
0 0.6402604166666667 0.6125 0.046984375000000016 0.11532407407407404
0 0.28016145833333334 0.6521296296296296 0.047296874999999974 0.11410185185185187
0 0.3155 0.6036944444444444 0.05293229166666672 0.07027777777777786
0 0.030473958333333332 0.7133148148148148 0.059369791666666664 0.15109259259259264
0 0.67425 0.5328425925925926 0.03332812499999989 0.04793518518518517