0 0.448 0.5623611111111111 0.03600000000000006 0.0874814814814815
1 0.48663020833333337 0.5703703703703704 0.04519791666666665 0.08739814814814824
0 0.56775 0.561425925925926 0.03674999999999997 0.0687685185185185
0 0.6745104166666667 0.5415092592592593 0.03332812499999989 0.05882407407407405
0 0.7846041666666667 0.5958611111111111 0.06051041666666658 0.09866666666666661
1 0.8592239583333333 0.6052407407407407 0.05118229166666666 0.12616666666666665
0 0.8140416666666667 0.556425925925926 0.03588020833333327 0.07141666666666677
1 0.5481250000000001 0.6927129629629629 0.0907135416666667 0.14726851851851847
0 0.5720989583333334 0.5195277777777778 0.023588541666666647 0.029018518518518444
1 0.6655052083333334 0.7241388888888889 0.11018229166666677 0.13747222222222225
1 0.6317395833333334 0.6098055555555556 0.05735937500000006 0.09070370370370373
1 0.22023958333333335 0.6587592592592593 0.0609739583333333 0.13300925925925935
0 0.3131822916666666 0.6027407407407408 0.048947916666666674 0.07219444444444446
0 0.2739895833333333 0.652 0.04385416666666669 0.11405555555555562
1 0.7310989583333334 0.5841759259259259 0.03174479166666657 0.06961111111111117
1 0.78746875 0.7347870370370371 0.07809895833333323 0.16781481481481483
0 0.63790625 0.5336666666666667 0.034489583333333226 0.05825000000000007
1 0.7051979166666666 0.6159444444444445 0.06094270833333345 0.09522222222222215