0 0.4645364583333333 0.5698888888888889 0.04162500000000004 0.08626851851851859
1 0.5028906249999999 0.5804722222222222 0.034354166666666686 0.0954814814814816
0 0.5673177083333333 0.5607962962962962 0.049125000000000085 0.06785185185185183
1 0.6265104166666667 0.5306203703703705 0.03483333333333339 0.05551851851851855
0 0.6757760416666667 0.5391296296296296 0.03585416666666674 0.054064814814814906
1 0.7912760416666667 0.7421388888888889 0.0753177083333334 0.16148148148148156
0 0.78346875 0.5990277777777778 0.0596927083333334 0.09868518518518511
1 0.5534479166666666 0.693787037037037 0.07472916666666668 0.15751851851851842
1 0.6924010416666667 0.6928055555555556 0.12184375000000003 0.19314814814814807
0 0.31875 0.6058796296296296 0.06134374999999999 0.07916666666666666
1 0.27578125 0.6551388888888888 0.061374999999999985 0.11758333333333335
1 0.7295937499999999 0.5798888888888889 0.03654166666666659 0.061712962962963046
1 0.8753541666666667 0.5647037037037037 0.019906249999999896 0.04409259259259249
1 0.6353229166666666 0.6197962962962963 0.055546875000000044 0.12518518518518523
1 0.5710625 0.5160740740740741 0.022296874999999973 0.022814814814814906
0 0.8148489583333334 0.5689074074074074 0.04565104166666671 0.09497222222222217
0 0.22333333333333333 0.6551851851851852 0.05271354166666668 0.1275648148148148
1 0.8432552083333333 0.6008518518518519 0.0551510416666666 0.11350925925925918