1 0.45011979166666666 0.561787037037037 0.031916666666666656 0.08301851851851859
1 0.484875 0.5601481481481482 0.034260416666666654 0.05391666666666668
0 0.5673177083333333 0.5607962962962962 0.049125000000000085 0.06785185185185183
1 0.6265104166666667 0.5296944444444445 0.03483333333333339 0.05181481481481485
0 0.6757760416666667 0.5391296296296296 0.03585416666666674 0.054064814814814906
1 0.7905260416666666 0.738962962962963 0.07382291666666656 0.16771296296296284
0 0.7843958333333333 0.6015185185185185 0.05119791666666676 0.10367592592592595
1 0.5553177083333334 0.6863703703703703 0.09504166666666668 0.14687037037037026
0 0.6852031249999999 0.6945462962962963 0.09036458333333333 0.2018796296296296
0 0.22309374999999998 0.6355092592592593 0.055276041666666664 0.08821296296296295
0 0.316296875 0.6023981481481482 0.042703125 0.07219444444444446
0 0.2735677083333333 0.6569907407407407 0.04131770833333333 0.12128703703703704
1 0.7292239583333333 0.5809351851851852 0.03580208333333322 0.061712962962963046
1 0.8789010416666667 0.5626018518518519 0.012812499999999952 0.04829629629629637
1 0.632703125 0.6210277777777778 0.05030729166666674 0.12764814814814826
1 0.5710625 0.5160740740740741 0.022296874999999973 0.022814814814814906
1 0.8137291666666666 0.5599814814814814 0.042822916666666565 0.062425925925925996
1 0.7057604166666667 0.6084722222222222 0.06090104166666658 0.09616666666666658
1 0.8459322916666667 0.6021388888888889 0.05730208333333332 0.11608333333333323