1 0.45548958333333334 0.573861111111111 0.03003645833333337 0.08533333333333341
1 0.48832291666666666 0.5759907407407407 0.0340729166666667 0.09599074074074081
0 0.5673177083333333 0.5607962962962962 0.049125000000000085 0.06785185185185183
1 0.6265104166666667 0.5318055555555555 0.03483333333333339 0.053157407407407486
0 0.6757760416666667 0.5391296296296296 0.03585416666666674 0.054064814814814906
1 0.7888125 0.740537037037037 0.07667708333333323 0.16167592592592606
1 0.54190625 0.6925185185185185 0.09438020833333335 0.13959259259259257
0 0.6696927083333333 0.7012407407407407 0.10346874999999993 0.18422222222222226
0 0.216828125 0.6521018518518519 0.0584947916666667 0.09937037037037032
0 0.3171875 0.6017222222222223 0.06026562500000002 0.07355555555555561
0 0.27461979166666667 0.6581111111111111 0.06786458333333331 0.11839814814814804
1 0.8782291666666667 0.5652685185185186 0.013614583333333267 0.05578703703703704
1 0.6304270833333334 0.6120185185185185 0.04576562499999994 0.10963888888888897
0 0.5710625 0.5183055555555556 0.022296874999999973 0.02728703703703706
1 0.71890625 0.6143333333333334 0.06531770833333325 0.10639814814814823
0 0.734015625 0.587212962962963 0.02957291666666677 0.06693518518518515
1 0.7954166666666667 0.5968611111111112 0.05129166666666667 0.10209259259259258
1 0.82253125 0.5447962962962963 0.026572916666666658 0.04277777777777782
1 0.8472916666666667 0.6053333333333333 0.05059374999999993 0.10713888888888892