0 0.4584114583333333 0.5644166666666667 0.03223437500000005 0.07849999999999997
1 0.491734375 0.5740555555555555 0.03422395833333335 0.09877777777777784
0 0.5704479166666666 0.5618240740740741 0.037057291666666714 0.07443518518518528
1 0.6243125 0.5300648148148148 0.03679687500000005 0.053157407407407486
0 0.6757760416666667 0.5410648148148148 0.03585416666666674 0.057935185185185124
1 0.77825 0.7359166666666667 0.07704687499999992 0.16561111111111124
1 0.5335260416666666 0.6915185185185185 0.1005520833333333 0.1393425925925926
1 0.6702343749999999 0.7054722222222222 0.10547916666666665 0.18623148148148136
0 0.22214583333333332 0.6435000000000001 0.05702083333333334 0.10277777777777777
0 0.3177447916666667 0.6031111111111112 0.05915104166666663 0.07632407407407413
0 0.2726770833333333 0.6583148148148148 0.06439583333333336 0.11629629629629622
1 0.8674010416666668 0.6027685185185185 0.03842708333333344 0.11862962962962953
1 0.6320885416666666 0.6207037037037038 0.050338541666666715 0.12144444444444452
1 0.7207395833333333 0.6149166666666667 0.05947395833333336 0.09980555555555552
1 0.733109375 0.5775 0.020130208333333382 0.04828703703703712
1 0.7805104166666667 0.5966666666666667 0.05610416666666656 0.10897222222222228
1 0.8793645833333333 0.5600370370370371 0.011614583333333428 0.0429907407407408
1 0.5730520833333334 0.5164722222222222 0.01677083333333324 0.02443518518518528
0 0.8178489583333334 0.5657685185185185 0.04665624999999996 0.08574999999999991