0 0.03898958333333334 0.7118981481481482 0.07473958333333333 0.1587592592592593
0 0.21379166666666669 0.6519814814814815 0.06728125000000003 0.13181481481481472
0 0.45284375000000004 0.5623611111111111 0.04185937499999994 0.0874814814814815
0 0.49018229166666666 0.5738333333333333 0.037901041666666656 0.08622222222222212
0 0.5631354166666667 0.561425925925926 0.05011979166666668 0.0687685185185185
1 0.6394114583333333 0.5316574074074074 0.03461979166666656 0.05097222222222218
0 0.6760885416666667 0.5415462962962962 0.03761458333333323 0.056638888888888954
1 0.6836041666666667 0.6979814814814815 0.07980729166666668 0.18943518518518512
0 0.8126041666666667 0.7322314814814814 0.10857291666666669 0.17071296296296287
0 0.7840781250000001 0.5939166666666666 0.04405729166666674 0.09477777777777768
1 0.8573072916666666 0.6023518518518518 0.05534895833333332 0.10766666666666665
0 0.8151875000000001 0.5543796296296296 0.03816666666666677 0.07696296296296286
1 0.5431927083333333 0.6760092592592593 0.06147395833333338 0.17170370370370375
0 0.5719375 0.5169537037037036 0.023265625000000036 0.023861111111111093
0 0.6418593749999999 0.6191944444444445 0.042906250000000055 0.11461111111111108
0 0.276546875 0.6622037037037036 0.05461979166666664 0.13540740740740742
0 0.3155 0.6048703703703704 0.05293229166666672 0.07027777777777786
1 0.44708333333333333 0.8441203703703704 0.1340208333333333 0.3117592592592593
1 0.7259375 0.6111018518518518 0.057374999999999926 0.0889259259259259