0 0.036947916666666664 0.7123611111111111 0.07066666666666667 0.15449999999999992
0 0.24017708333333332 0.6463796296296297 0.06453125000000001 0.1058518518518518
0 0.3057552083333333 0.6557407407407407 0.05184895833333331 0.11537962962962954
0 0.45091145833333335 0.5660462962962963 0.03138020833333333 0.08009259259259259
1 0.48632291666666666 0.5730833333333333 0.03910416666666663 0.08775925925925923
0 0.5705208333333334 0.5602037037037036 0.04436458333333325 0.07122222222222228
0 0.6256979166666666 0.5337500000000001 0.03845312499999996 0.06066666666666665
0 0.6775572916666667 0.540138888888889 0.04009375000000001 0.060398148148148166
0 0.6564791666666667 0.7021666666666667 0.09647395833333335 0.1893425925925926
0 0.8012343749999999 0.735037037037037 0.10592187499999994 0.17744444444444454
0 0.835109375 0.6220092592592592 0.06268229166666663 0.1081481481481481
0 0.785578125 0.594388888888889 0.05413020833333325 0.09383333333333325
0 0.8637291666666667 0.5863518518518518 0.040156249999999956 0.0963148148148148
0 0.8138177083333333 0.5451111111111111 0.03409375000000002 0.05843518518518509
0 0.557640625 0.6830833333333334 0.09130208333333337 0.1425925925925926
0 0.5646197916666666 0.5106296296296297 0.015218749999999896 0.02512037037037047
0 0.31505208333333334 0.5828425925925926 0.02570833333333328 0.03168518518518521
0 0.72096875 0.62275 0.07124479166666665 0.10969444444444447
1 0.41354166666666664 0.6084351851851852 0.054369791666666716 0.09950925925925928
0 0.6408177083333333 0.5967407407407408 0.03144791666666672 0.06813888888888882