1 0.4560260416666667 0.5687685185185185 0.028963541666666613 0.07849999999999997
1 0.488515625 0.5757129629629629 0.03759375000000003 0.09656481481481478
0 0.5673177083333333 0.5607962962962962 0.049125000000000085 0.06785185185185183
1 0.624 0.53125 0.03483333333333339 0.053157407407407486
0 0.6757760416666667 0.5391296296296296 0.03585416666666674 0.054064814814814906
1 0.790921875 0.7335277777777778 0.07274479166666671 0.17327777777777767
0 0.669265625 0.6994351851851852 0.10385937499999992 0.1884259259259259
0 0.21661458333333333 0.6521111111111111 0.06311979166666669 0.09937962962962957
0 0.3171875 0.6017222222222223 0.06026562500000002 0.07355555555555561
1 0.2740208333333333 0.6584722222222222 0.06667187499999999 0.11911111111111121
1 0.8624479166666668 0.5937592592592592 0.04458854166666673 0.10295370370370376
1 0.6270260416666668 0.6161481481481482 0.040213541666666686 0.11232407407407402
0 0.5713281250000001 0.5177314814814815 0.02283333333333341 0.026138888888888906
1 0.7176354166666666 0.6314722222222222 0.06716145833333324 0.13846296296296293
1 0.734328125 0.5795740740740741 0.025187500000000067 0.051657407407407374
0 0.5322239583333334 0.6918333333333333 0.09885937500000003 0.13487037037037045
0 0.8173489583333333 0.5652685185185186 0.046958333333333255 0.08705555555555554
1 0.7828541666666666 0.5938703703703704 0.049625000000000107 0.10726851851851843