0 0.036947916666666664 0.7110648148148149 0.07066666666666667 0.1571018518518519
0 0.24017708333333332 0.6463796296296297 0.06453125000000001 0.1058518518518518
0 0.3057552083333333 0.6557407407407407 0.05184895833333331 0.11537962962962954
0 0.45700520833333336 0.5660462962962963 0.0289427083333333 0.08009259259259259
0 0.48632291666666666 0.5730833333333333 0.03910416666666663 0.08775925925925923
0 0.5641822916666667 0.5602037037037036 0.05704166666666666 0.07122222222222228
0 0.6256979166666666 0.5337500000000001 0.03845312499999996 0.06066666666666665
0 0.6775572916666667 0.540138888888889 0.04009375000000001 0.060398148148148166
0 0.6571145833333334 0.7035092592592592 0.09773958333333325 0.1866481481481481
0 0.8012343749999999 0.735037037037037 0.10592187499999994 0.17744444444444454
0 0.785578125 0.594388888888889 0.05413020833333325 0.09383333333333325
0 0.8629739583333333 0.5863518518518518 0.041671875000000115 0.0963148148148148
0 0.8138177083333333 0.5451111111111111 0.03409375000000002 0.05843518518518509
0 0.557640625 0.6830833333333334 0.09130208333333337 0.1425925925925926
0 0.5634010416666667 0.5101944444444444 0.01472916666666677 0.02512037037037047
0 0.31505208333333334 0.5819722222222222 0.02570833333333328 0.03341666666666659
0 0.72096875 0.62275 0.07124479166666665 0.10969444444444447
1 0.420609375 0.5822314814814814 0.04998437500000001 0.1510462962962964
0 0.64165625 0.5933796296296296 0.048557291666666676 0.0646481481481481
0 0.8313802083333334 0.6211203703703703 0.053515625 0.10637962962962973