0 0.04145833333333333 0.7046203703703704 0.08168229166666666 0.16999074074074066
0 0.23979166666666665 0.6452685185185185 0.06375520833333334 0.10808333333333335
0 0.3057552083333333 0.6557407407407407 0.05184895833333331 0.11537962962962954
0 0.4551979166666667 0.5660462962962963 0.03994791666666669 0.08009259259259259
0 0.50325 0.5742777777777778 0.05154166666666669 0.09127777777777771
0 0.5670677083333333 0.5602037037037036 0.03745312499999993 0.07122222222222228
0 0.6267447916666666 0.5337500000000001 0.040546874999999954 0.06066666666666665
0 0.6552552083333333 0.7052314814814815 0.1018645833333333 0.18320370370370362
0 0.8034166666666667 0.7329444444444445 0.08520312500000007 0.1816111111111112
0 0.7176197916666667 0.6216481481481482 0.07878125000000011 0.11188888888888882
0 0.7867552083333333 0.594388888888889 0.051156249999999896 0.09383333333333325
0 0.86525 0.5857592592592593 0.037114583333333444 0.09749999999999996
0 0.8130937500000001 0.5451111111111111 0.030380208333333294 0.05843518518518509
0 0.557640625 0.6830833333333334 0.09130208333333337 0.1425925925925926
0 0.5658541666666667 0.5106296296296297 0.015640625000000106 0.02512037037037047
0 0.32704687499999996 0.5853796296296296 0.026468749999999968 0.04125925925925921
0 0.6781874999999999 0.540138888888889 0.040718749999999915 0.060398148148148166
0 0.41354166666666664 0.6109074074074073 0.04758333333333328 0.0945462962962962
0 0.8387083333333333 0.6221574074074073 0.050901041666666674 0.10351851851851848
0 0.6425572916666666 0.6037222222222222 0.045218750000000085 0.08462962962962971