1 0.05734895833333334 0.7116203703703703 0.07852083333333333 0.15599074074074076
0 0.23979166666666665 0.6463796296296297 0.06375520833333334 0.1058518518518518
0 0.3057552083333333 0.6557407407407407 0.05184895833333331 0.11537962962962954
0 0.4551979166666667 0.5660462962962963 0.03994791666666669 0.08009259259259259
1 0.5011249999999999 0.5801481481481481 0.04729166666666664 0.07952777777777786
0 0.5670677083333333 0.5602037037037036 0.03745312499999993 0.07122222222222228
0 0.6256979166666666 0.5337500000000001 0.03845312499999996 0.06066666666666665
0 0.6775572916666667 0.540138888888889 0.04009375000000001 0.060398148148148166
0 0.6549635416666667 0.7052314814814815 0.10127604166666657 0.18320370370370362
0 0.8007135416666666 0.7340462962962963 0.07979166666666657 0.17941666666666664
0 0.7832395833333333 0.594388888888889 0.044124999999999893 0.09383333333333325
0 0.86525 0.5857592592592593 0.037114583333333444 0.09749999999999996
0 0.8128854166666667 0.5451111111111111 0.030796875000000057 0.05843518518518509
0 0.557640625 0.6830833333333334 0.09130208333333337 0.1425925925925926
0 0.5594791666666666 0.5119537037037036 0.017057291666666665 0.022462962962962955
0 0.31505208333333334 0.5817129629629629 0.02570833333333328 0.03393518518518527
0 0.72096875 0.62275 0.07124479166666665 0.10969444444444447
0 0.41697395833333334 0.61175 0.04247916666666664 0.09287037037037033
0 0.8323333333333333 0.6256759259259259 0.057109375000000046 0.09818518518518515
0 0.6385520833333334 0.599388888888889 0.03597916666666663 0.07344444444444438