0 0.4508020833333333 0.5604444444444444 0.03328645833333337 0.09052777777777776
1 0.49196875 0.5811296296296297 0.050578124999999946 0.08993518518518508
0 0.5837552083333333 0.5569166666666667 0.03519270833333342 0.08022222222222232
1 0.6258072916666666 0.5276481481481482 0.03571874999999996 0.05248148148148154
0 0.67615625 0.5415092592592593 0.03661979166666664 0.05882407407407405
1 0.7849427083333332 0.7360185185185185 0.08332291666666668 0.16463888888888883
0 0.7857395833333333 0.6006018518518518 0.04966145833333328 0.10142592592592589
0 0.8143229166666667 0.5568981481481482 0.041171875000000094 0.07570370370370369
1 0.5796302083333333 0.7091944444444443 0.10268229166666672 0.12358333333333336
1 0.6789895833333334 0.7355277777777778 0.10224479166666664 0.11910185185185174
1 0.21179166666666666 0.6542592592592593 0.07285937499999999 0.11787962962962958
1 0.3244166666666667 0.6058796296296296 0.05168229166666668 0.07848148148148147
0 0.275015625 0.6563148148148149 0.04956770833333334 0.12128703703703704
1 0.7315625 0.6121481481481481 0.06895312499999993 0.10031481481481475
0 0.8798802083333332 0.5656481481481481 0.010854166666666743 0.05787037037037037
1 0.6371041666666667 0.6110555555555556 0.06842187499999994 0.11429629629629634
0 0.5633020833333333 0.5314444444444445 0.029473958333333408 0.057925925925925874
0 0.8451302083333334 0.600037037037037 0.06342708333333344 0.11051851851851843