0 0.452015625 0.5762962962962963 0.036005208333333275 0.11534259259259254
1 0.48725 0.5765462962962963 0.032552083333333336 0.09974074074074077
1 0.5866927083333333 0.554712962962963 0.0336666666666666 0.07650925925925915
0 0.6297135416666666 0.5367685185185186 0.0427395833333333 0.05460185185185188
0 0.67615625 0.5415092592592593 0.03661979166666664 0.05882407407407405
1 0.7805208333333333 0.7352500000000001 0.08314062500000005 0.1570462962962962
0 0.788671875 0.5988240740740741 0.05144270833333332 0.1006851851851852
0 0.8146302083333333 0.5577037037037037 0.04179166666666655 0.07732407407407406
1 0.57925 0.7093333333333334 0.09933854166666668 0.12842592592592597
1 0.681921875 0.7285648148148148 0.08980729166666658 0.14041666666666675
1 0.6443437500000001 0.6091759259259258 0.058218750000000104 0.09437037037037044
1 0.21699479166666666 0.6544722222222222 0.06366666666666668 0.12445370370370377
0 0.3243489583333333 0.6123333333333334 0.05154166666666669 0.09137962962962969
0 0.2765 0.6558981481481482 0.05029166666666664 0.12185185185185177
1 0.73071875 0.6341574074074074 0.07021354166666664 0.10642592592592598
1 0.5639010416666667 0.5316018518518518 0.03071875000000001 0.05385185185185193
1 0.879953125 0.5633703703703704 0.012062499999999924 0.05582407407407404
1 0.7220937500000001 0.5737129629629629 0.03572916666666662 0.050277777777777734
0 0.8479114583333334 0.6016759259259259 0.05526041666666662 0.1162222222222222