1 0.4499375 0.5773981481481482 0.039911458333333275 0.0992962962962963
1 0.6229270833333334 0.5341111111111111 0.040572916666666715 0.05015740740740748
0 0.6792760416666667 0.5409166666666667 0.04205729166666667 0.06270370370370373
1 0.21305208333333334 0.6597592592592593 0.05602083333333337 0.11261111111111101
1 0.272578125 0.6699166666666666 0.06598437500000003 0.12142592592592581
1 0.7270625000000001 0.6322129629629629 0.059869791666666575 0.13700000000000004
0 0.7837656249999999 0.6027870370370371 0.05164583333333326 0.09960185185185179
1 0.8227135416666667 0.5730833333333333 0.04457291666666663 0.09439814814814819
0 0.5652083333333333 0.5626203703703704 0.05478124999999991 0.06913888888888896
1 0.875140625 0.5653888888888889 0.020213541666666637 0.05416666666666667
0 0.5311770833333334 0.6988425925925926 0.09473437500000005 0.13457407407407398
0 0.5713906249999999 0.5289907407407407 0.04314583333333341 0.04789814814814816
1 0.8637760416666667 0.6553425925925925 0.05172916666666675 0.1268425925925926
0 0.6682916666666666 0.7160833333333333 0.0964687499999999 0.18482407407407397
0 0.02834895833333333 0.7103055555555555 0.05669270833333333 0.15484259259259261
1 0.82865625 0.7357777777777778 0.06337499999999992 0.17212962962962972
1 0.49409895833333334 0.5796666666666667 0.04642187499999994 0.10270370370370377
0 0.6407083333333333 0.6073240740740741 0.0436614583333333 0.09512962962962963