0 0.45489583333333333 0.5632407407407407 0.047182291666666626 0.07927777777777768
1 0.4951458333333333 0.5766666666666667 0.03138020833333333 0.09540740740740737
0 0.5701197916666667 0.5661388888888889 0.03639583333333339 0.065824074074074
1 0.6249739583333334 0.5327962962962962 0.03679687500000005 0.05081481481481492
0 0.6757760416666667 0.5410648148148148 0.03585416666666674 0.057935185185185124
1 0.7777447916666667 0.7398055555555556 0.07824479166666667 0.1593425925925925
1 0.54521875 0.6879907407407407 0.09666145833333335 0.13774999999999998
0 0.6675520833333334 0.7043055555555555 0.09713020833333345 0.17922222222222217
0 0.21488541666666666 0.6443148148148148 0.053067708333333324 0.10126851851851863
0 0.3177447916666667 0.6031111111111112 0.05915104166666663 0.07632407407407413
1 0.264984375 0.6581203703703703 0.06439583333333336 0.10652777777777774
1 0.630953125 0.6197685185185186 0.048062500000000105 0.12191666666666673
1 0.7176041666666666 0.6153055555555556 0.06595312500000006 0.10447222222222216
1 0.7348802083333333 0.581037037037037 0.02762499999999998 0.05612962962962953
1 0.7885520833333334 0.5956203703703703 0.05895312500000003 0.10453703703703712
0 0.822203125 0.5661481481481482 0.04084375000000004 0.08649074074074081
1 0.5717916666666666 0.5181851851851852 0.01732291666666678 0.027870370370370285
1 0.8701875 0.6001111111111112 0.030593749999999885 0.11644444444444443