0 0.448 0.5623611111111111 0.03600000000000006 0.0874814814814815
1 0.4861875 0.5740555555555555 0.041343750000000054 0.08739814814814824
0 0.5681875000000001 0.561425925925926 0.03587500000000006 0.0687685185185185
1 0.6364427083333334 0.5308425925925926 0.031557291666666744 0.0526018518518518
0 0.6764479166666667 0.5438148148148149 0.03720312499999991 0.06343518518518518
1 0.7898020833333333 0.7268055555555556 0.07490625000000009 0.17360185185185187
0 0.7840781250000001 0.5939166666666666 0.04405729166666674 0.09477777777777768
1 0.8161145833333333 0.5574166666666667 0.040026041666666616 0.06262962962962972
1 0.5292552083333333 0.6882777777777778 0.09188020833333338 0.16306481481481472
0 0.57221875 0.5186944444444445 0.02382291666666655 0.027333333333333317
1 0.639828125 0.619 0.048177083333333336 0.12465740740740751
0 0.26431770833333335 0.6574259259259259 0.064015625 0.11456481481481483
0 0.3196927083333333 0.6092222222222222 0.06196875000000001 0.08516666666666668
0 0.716 0.6111574074074073 0.04202083333333325 0.09820370370370365
1 0.85965625 0.6000092592592593 0.05065104166666667 0.11569444444444449
1 0.6782968749999999 0.6928888888888889 0.07036458333333329 0.18796296296296297