0 0.45071875 0.559212962962963 0.03859895833333328 0.081175925925926
0 0.489078125 0.5703703703703704 0.03620833333333332 0.08739814814814824
1 0.579421875 0.5594907407407408 0.03266145833333335 0.07177777777777776
0 0.6254635416666667 0.5326481481481481 0.03424479166666667 0.046370370370370305
0 0.6745104166666667 0.5415092592592593 0.03332812499999989 0.05882407407407405
1 0.7880885416666668 0.7331111111111112 0.07048437499999996 0.1696481481481482
1 0.7870364583333332 0.5958611111111111 0.05450520833333338 0.09866666666666661
1 0.8590729166666667 0.5982500000000001 0.05182291666666667 0.1172129629629629
0 0.8116770833333333 0.5548796296296297 0.03588020833333327 0.071675925925926
1 0.5521718750000001 0.6843333333333333 0.08289062500000005 0.14728703703703697
1 0.6973125 0.686787037037037 0.07231250000000007 0.14911111111111108
1 0.6349010416666666 0.6206203703703703 0.05103125000000001 0.12895370370370368
1 0.220703125 0.6355925925925926 0.05625520833333333 0.08668518518518509
0 0.31391145833333334 0.6027407407407408 0.04748437500000004 0.07219444444444446
0 0.2736354166666667 0.652 0.04456249999999997 0.11405555555555562
1 0.7305572916666667 0.5807037037037037 0.029770833333333257 0.0642500000000001
0 0.7066666666666667 0.6104907407407408 0.049583333333333236 0.09280555555555557